Convolution
Square
94076043497
94076043497
94076043497
94076043497
94076043497
94076043497
94076043497
94076043497
94076043497
94076043497
94076043497
94076043497
94076043497
94076043497
94076043497
94076043497
94076043497
94076043497
94076043497
94076043497
94076043497
94076043497
94076043497
94076043497
94076043497
94076043497
94076043497
-84482795962
272263688333
198764558497
179648097714
113699239892
-17347078128
-17347078128
-20165277680
266355408262
69275343346
94076043497
94076043497
94076043497
-126575234763
27617436684
234672515566
249633720790
-139037957775
200957227727
-115493367459
-91219047838
-239766554729
-27106203335
94076043497
94076043497
94076043497
170272834255
-213296019802
260906289859
59710970916
-236188486207
1620932696
-49444063353
54454791188
203706873089
217068199631
94076043497
94076043497
94076043497
94076043497
94076043497
94076043497
102753561833
-146789053344
-156822558106
-232072805268
-132487061669
23115308923
-10341459185
94076043497
94076043497
94076043497
94076043497
94076043497
94076043497
94076043497
94076043497
268647183003
162961739945
-190549562658
-232461315161
73402310893
94076043497
94076043497
94076043497
94076043497
94076043497
94076043497
94076043497
101624792297
69313120224
-53215780796
239339653132
-58142887647
94076043497
94076043497
94076043497
94076043497
94076043497
94076043497
94076043497
94377993449
-263262283632
200511065992
-103115599431
-245092504159
-11345422569
94076043497
94076043497
94076043497
94076043497
94076043497
94076043497
94076043497
257467248295
196504382091
-207873075522
-127967650383
-199305378206
94076043497
94076043497
94076043497
94076043497
94076043497
94076043497
94076043497
100215692521
-39540642286
-54375699922
274755470862
-222593889160
144203969488
94076043497
94076043497
94076043497
94076043497
94076043497
94076043497
94076043497
-67738605773
67387269602
-206529196591
-233166449982
239089159076
94076043497
94076043497
94076043497
94076043497
94076043497
94076043497
94076043497
94076043497
-159434696367
-142898392454
-104413217335
77628386561
23126052358
94076043497
94076043497
94076043497
94076043497
94076043497
4061619723
4061619723
4061619723
4061619723
4061619723
4061619723
4061619723
4061619723
4061619723
4061619723
4061619723
4061619723
4061619723
4061619723
4061619723
4061619723
4061619723
4061619723
4061619723
4061619723
4061619723
4061619723
4061619723
4061619723
4061619723
4061619723
4061619723
-214714282895
-161146345383
174998565311
-223340445065
185659285176
-78594845390
-78594845390
-11969104365
101462929630
-197219285911
4061619723
4061619723
4061619723
62126291953
273004018067
-146815481767
-43805511382
190221496253
-120297877427
-137783573419
-162879056799
48452230908
-143187030445
4061619723
4061619723
4061619723
-14043954412
10151817482
-110796303548
-191057383062
219139589037
48862812157
-217620770695
174471515077
-188354128787
-44960230873
4061619723
4061619723
4061619723
4061619723
4061619723
4061619723
-213360218256
84522156262
-177704876192
263411925909
133342802134
-50924471251
237746941857
4061619723
4061619723
4061619723
4061619723
4061619723
4061619723
4061619723
4061619723
-57286083800
96629208037
209495882163
-45333498072
-3856798193
4061619723
4061619723
4061619723
4061619723
4061619723
4061619723
4061619723
198654127025
-250738147709
-169439085214
66403004662
-26592019941
4061619723
4061619723
4061619723
4061619723
4061619723
4061619723
4061619723
55826460147
-16650206187
-99795572928
115263912415
-143917411243
-94986728391
4061619723
4061619723
4061619723
4061619723
4061619723
4061619723
4061619723
111076687066
-61731496915
174011430596
76553390065
-253614213244
4061619723
4061619723
4061619723
4061619723
4061619723
4061619723
4061619723
-42915128287
-151784949675
-224746133636
75694988530
188705700793
58035392754
4061619723
4061619723
4061619723
4061619723
4061619723
4061619723
4061619723
-219491197325
123216714713
-64281398476
-175665528217
154766823622
4061619723
4061619723
4061619723
4061619723
4061619723
4061619723
4061619723
4061619723
-41319723999
163076943046
-88471371972
-171612423071
-57869847768
4061619723
4061619723
4061619723
4061619723
4061619723
-26835052292
-26835052292
-26835052292
-26835052292
-26835052292
-26835052292
-26835052292
-26835052292
-26835052292
-26835052292
-26835052292
-26835052292
-26835052292
-26835052292
-26835052292
-26835052292
-26835052292
-26835052292
-26835052292
-26835052292
-26835052292
-26835052292
-26835052292
-26835052292
-26835052292
-26835052292
-26835052292
-6944245508
-163503514782
89056330920
151699399033
-234381609925
-265484806567
-265484806567
-266252183975
-218733160646
-87103507963
-26835052292
-26835052292
-26835052292
45785141500
261828197090
266779198893
-163295118241
194217245603
21782626548
-215136528807
27083479284
168982066537
155877708382
-26835052292
-26835052292
-26835052292
-32197461499
69648487684
-111380070305
178651203832
116956682761
125378600710
-94553065365
264873626386
128268204172
225214480966
-26835052292
-26835052292
-26835052292
-26835052292
-26835052292
-26835052292
15029053162
41986369250
84412563664
-61607432097
-145022104429
-27367297089
-37327285783
-26835052292
-26835052292
-26835052292
-26835052292
-26835052292
-26835052292
-26835052292
-26835052292
14241922300
-178885532983
163199906466
150503786620
-46983232256
-26835052292
-26835052292
-26835052292
-26835052292
-26835052292
-26835052292
-26835052292
-24779577092
244873000136
123676164878
-49440351799
-172802623188
-26835052292
-26835052292
-26835052292
-26835052292
-26835052292
-26835052292
-26835052292
-26752833284
107093933284
-112007017321
-58500076304
-264051045056
-130006214870
-26835052292
-26835052292
-26835052292
-26835052292
-26835052292
-26835052292
-26835052292
-10721977092
-28658115216
229375430314
-62127121698
-153896229082
-26835052292
-26835052292
-26835052292
-26835052292
-26835052292
-26835052292
-26835052292
-25163265796
130530047738
-38111444371
123258457216
53321193403
24650815459
-26835052292
-26835052292
-26835052292
-26835052292
-26835052292
-26835052292
-26835052292
9503186172
70938696285
241943451061
-197572174098
15355108572
-26835052292
-26835052292
-26835052292
-26835052292
-26835052292
-26835052292
-26835052292
-26835052292
-27490228462
230601236740
129036133865
-150672382178
-98217265639
-26835052292
-26835052292
-26835052292
-26835052292
-26835052292
-45220957708
-45220957708
-45220957708
-45220957708
-45220957708
-45220957708
-45220957708
-45220957708
-45220957708
-45220957708
-45220957708
-45220957708
-45220957708
-45220957708
-45220957708
-45220957708
-45220957708
-45220957708
-45220957708
-45220957708
-45220957708
-45220957708
-45220957708
-45220957708
-45220957708
-45220957708
-45220957708
-269516169126
33464556960
210903028498
-44229014646
-118265393977
-151766519067
-151766519067
-84990336058
57895896721
-100060419331
-45220957708
-45220957708
-45220957708
4540361955
19542862348
-145680310684
-74106676447
210482903910
-48958401080
-60892450360
82204098430
-176619009825
-171986664201
-45220957708
-45220957708
-45220957708
-37912076
90496095732
193107486196
-263036241951
-194962840615
-151097687609
-48879900522
69194655790
203278648760
-177296563134
-45220957708
-45220957708
-45220957708
-45220957708
-45220957708
-45220957708
-33318102540
-25588708876
-93797258214
-87012502273
45877633769
42131620842
8897093112
-45220957708
-45220957708
-45220957708
-45220957708
-45220957708
-45220957708
-45220957708
-45220957708
-197494899401
136805121962
73473054184
-44170962396
-28936325644
-45220957708
-45220957708
-45220957708
-45220957708
-45220957708
-45220957708
-45220957708
148968579994
-21002294824
16137756405
268328468615
-83222350814
-45220957708
-45220957708
-45220957708
-45220957708
-45220957708
-45220957708
-45220957708
6527763932
82713533860
268702296914
227921651598
-49949017058
-37784663564
-45220957708
-45220957708
-45220957708
-45220957708
-45220957708
-45220957708
-45220957708
105488728235
-270483097273
253977333397
70724678646
64986265819
-45220957708
-45220957708
-45220957708
-45220957708
-45220957708
-45220957708
-45220957708
-92525454326
253499546960
202501614984
92092338122
-32622181611
-40733538828
-45220957708
-45220957708
-45220957708
-45220957708
-45220957708
-45220957708
-45220957708
227065770099
-29150186498
162120296378
89696405205
-94932191471
-45220957708
-45220957708
-45220957708
-45220957708
-45220957708
-45220957708
-45220957708
-45220957708
-126406297048
-102360126603
149392540200
-186673559691
-33423900172
-45220957708
-45220957708
-45220957708
-45220957708
-45220957708
-140513066769
-140513066769
-140513066769
-140513066769
-140513066769
-140513066769
-140513066769
-140513066769
-140513066769
-140513066769
-140513066769
-140513066769
-140513066769
-140513066769
-140513066769
-140513066769
-140513066769
-140513066769
-140513066769
-140513066769
-140513066769
-140513066769
-140513066769
-140513066769
-140513066769
-140513066769
-140513066769
173314629462
-45775989605
132535450988
-248615506898
226090284621
204082882125
204082882125
272752564014
-135864524296
-111751509777
-140513066769
-140513066769
-140513066769
221019635004
-242019971054
-110293887958
-256350129062
-44980666137
268946488909
-52969425689
-264641701316
113246262182
-14868674321
-140513066769
-140513066769
-140513066769
-86774493483
96813727405
82215850962
-203475149220
-192169243028
177847520451
253406124195
171009650325
234765643746
22382626031
-140513066769
-140513066769
-140513066769
-140513066769
-140513066769
-140513066769
-137072093969
-123856804625
-200583756011
-65160055633
-171651754741
-84279518323
-84267013905
-140513066769
-140513066769
-140513066769
-140513066769
-140513066769
-140513066769
-140513066769
-140513066769
243900865587
166988885798
-262032101949
75564111087
-134776026897
-140513066769
-140513066769
-140513066769
-140513066769
-140513066769
-140513066769
-140513066769
48604598933
77239499871
166075334265
237384743151
-102983719697
-140513066769
-140513066769
-140513066769
-140513066769
-140513066769
-140513066769
-140513066769
-88967220009
-16417995617
-27001212540
261521148119
36979310831
-139044065041
-140513066769
-140513066769
-140513066769
-140513066769
-140513066769
-140513066769
-140513066769
-1686256730
273934382063
175319786940
201834185967
-109705472785
-140513066769
-140513066769
-140513066769
-140513066769
-140513066769
-140513066769
-140513066769
-191942685947
214771741217
208649698881
-101939909213
-34535621393
-139626600209
-140513066769
-140513066769
-140513066769
-140513066769
-140513066769
-140513066769
-140513066769
123141266286
16024714090
-222124522868
-219476758611
-121373618961
-140513066769
-140513066769
-140513066769
-140513066769
-140513066769
-140513066769
-140513066769
-140513066769
166893072728
139486928513
97826780957
14752464111
-135891623697
-140513066769
-140513066769
-140513066769
-140513066769
-140513066769
 ========================================= 
 ============ Final Output =============== 
 ========================================= 
-4.7018594839e+10 -2.72827543572e+11 -2.54778478205e+11 -1.10976054414e+11 2.05554192491e+11 1.37688648744e+11 6.2671037208e+10 2.21690975125e+11 2.37505699107e+11 2.35866643088e+11 -6.459646686e+09 1.91809178844e+11 1.30341892408e+11 -8.0950474568e+10 1.84260888271e+11 -1.39336227167e+11 -4.0624584556e+10 -2.4714104604e+10 -2.46268411291e+11 1.4922008393e+11 1.9782216446e+11 1.00440644787e+11 -5.9128527622e+10 2.37073082527e+11 -2.22208536326e+11 1.43301385723e+11 -2.26158194785e+11 -1.13623266626e+11 1.10607640947e+11 -2.40076158166e+11 -1.57595651354e+11 4.8528323416e+10 3.6024162692e+10 -1.88878119939e+11 5.0669779015e+10 -2.68807848165e+11 5.3120856765e+10 -1.18643637356e+11 3.8516360898e+10 2.71812693094e+11 1.3753688659e+11 4.8739352581e+10 4.8813794546e+10 -1.33217529745e+11 2.0422234894e+10 9.075527551e+10 -2.34820856729e+11 -1.06397755268e+11 1.42720996443e+11 -2.29009420087e+11 -2.34276491162e+11 -1.62945385987e+11 -1.3990345543e+11 2.14187823404e+11 -7.1189310071e+10 8.4179786538e+10 -1.43979770963e+11 -5.0466174198e+10 2.41117973063e+11 -1.82064338911e+11 3.9026384352e+10 -3.798954104e+09 1.37715162469e+11 1.00363219965e+11 2.8276466601e+10 9.3356429707e+10 -1.9494623098e+11 6.5895425392e+10 8.8285484765e+10 1.12200657755e+11 7.0469800589e+10 -4.3416957914e+10 -3.7192157845e+10 -1.4366051996e+11 -2.34941098262e+11 1.47293712635e+11 -1.59008582503e+11 1.10447771428e+11 1.85720572749e+11 1.09448049453e+11 -1.07426456857e+11 -1.56235341886e+11 6.8474558499e+10 1.9712012622e+11 -1.90815145463e+11 -2.19089411485e+11 -1.30071054823e+11 -3.1826441433e+10 -2.3063507056e+10 -2.11121478214e+11 -8.8251537539e+10 5.0621093227e+10 -2.7416726766e+10 2.19461990919e+11 1.76562018477e+11 2.69242541042e+11 -2.51587517821e+11 1.32003415501e+11 2.58949338583e+11 -2.50491704754e+11 -2.71320346337e+11 1.02225058904e+11 -1.78275079659e+11 1.88084677073e+11 1.52466541045e+11 -1.10251223119e+11 1.91888563884e+11 -5.9368035646e+10 -2.6912616828e+11 -7.8001491772e+10 4.7043269097e+10 2.29007564809e+11 1.00533906619e+11 2.35399507731e+11 1.81003339011e+11 -2.01443659087e+11 -1.29912684e+11 -1.334064368e+10 7.997240598e+09 1.24438628244e+11 -1.01852849909e+11 -1.04516075213e+11 -4.9490371406e+10 7.7563555747e+10 -4.7323762042e+10 2.4483986675e+11 3.5181760224e+10 4.8671438352e+10 3.2316981496e+10 1.36412821207e+11 -1.78043409146e+11 1.59237112094e+11 9.6885705318e+10 -6.5318486628e+10 4.5939017999e+10 1.88705103883e+11 -6.2889749473e+10 2.47524028378e+11 9.9770361742e+10 8.2377247881e+10 1.60903432458e+11 -2.35371836166e+11 4.877760098e+09 5.6714976903e+10 -1.09660737007e+11 -9.2824773907e+10 1.3969880732e+10 -2.69359606045e+11 2.4137623297e+10 2.3822107329e+11 9.7536788511e+10 1.64909706747e+11 1.06797049438e+11 -1.64266091073e+11 1.0585556105e+10 9.903623777e+09 -1.94378834888e+11 -1.48391002891e+11 -1.27825038771e+11 1.93681709415e+11 3.1213033001e+10 -1.78541315098e+11 7.2182666292e+10 -1.49802305847e+11 2.27385689407e+11 1.18166334196e+11 3.4948449287e+10 1.84705170032e+11 -2.62143094922e+11 
1.46083125689e+11 1.0115940115e+11 2.48844360709e+11 -2.58647780241e+11 -2.69905952826e+11 1.99140764093e+11 -2.15569346924e+11 -1.81845474615e+11 -7.5594822357e+10 1.2793503245e+11 -3.760006582e+10 1.91468378963e+11 2.2968296978e+10 -1.84102112993e+11 -1.4208673978e+11 -2.29809550429e+11 -1.31532547062e+11 1.76614138204e+11 1.32108051493e+11 -1.44815256349e+11 -5.3260074031e+10 -6.5011436135e+10 7.2229039297e+10 -1.74015366139e+11 -1.11360179406e+11 -1.75166347409e+11 1.47284306063e+11 1.8417957777e+11 7.9225355774e+10 -3.518948394e+09 2.23522182472e+11 -2.62716218856e+11 -2.44181813828e+11 -4.0028501779e+10 -1.95037549427e+11 2.69185652355e+11 -8.8007905392e+10 1.32200063623e+11 -6.3762594541e+10 1.64924221009e+11 -2.55193755357e+11 1.14907097317e+11 -1.62534171249e+11 -8.7467760178e+10 -1.4893736306e+11 1.7275614278e+10 2.64857088418e+11 -1.59058730893e+11 1.20773486214e+11 -1.92212798974e+11 -1.59934912324e+11 1.0982532077e+10 1.37454745059e+11 -8.949535329e+10 1.73361050527e+11 1.23742849793e+11 -8.2719819233e+10 1.92232336857e+11 8.1227930952e+10 -6.0398301366e+10 1.34010863788e+11 6.235768654e+09 2.44530465939e+11 -1.7496729e+11 1.44299411279e+11 -2.65988358361e+11 -2.21044993813e+11 -2.6425103061e+11 1.04624580923e+11 -1.39017697644e+11 -2.04175798522e+11 1.13261576771e+11 -5.959383172e+09 1.32994310144e+11 1.24249054517e+11 -2.17945944164e+11 -1.32081514467e+11 -2.40546594312e+11 1.2117004631e+10 7.1641669159e+10 -2.66365204476e+11 2.25225204697e+11 1.04928038055e+11 1.7820554013e+10 -1.8054024549e+11 -1.56460345058e+11 -7.9716590067e+10 1.23954119463e+11 -2.18705607736e+11 5.0595412411e+10 2.57516478939e+11 -1.53937383868e+11 -9.3216875655e+10 -1.27470873284e+11 2.2277209499e+10 -1.35348760913e+11 2.09377240653e+11 -6.6704109691e+10 2.7027293993e+11 -1.84286370902e+11 1.80904066579e+11 8.0041070396e+10 1.59515933042e+11 6.5153911141e+10 1.61552142742e+11 2.5664496318e+11 2.12187597888e+11 4.9636749677e+10 2.56233164688e+11 -1.58712406054e+11 2.02027032466e+11 -7.338193519e+10 -2.36558393587e+11 -1.95226656791e+11 -1.62043782168e+11 -2.5784746474e+11 -3.5654783926e+10 -9.6852298893e+10 1.9924574205e+11 -2.33394264158e+11 5.247201057e+10 -6.801867968e+10 8.0727674135e+10 -1.07175519243e+11 2.62507831601e+11 1.32426254145e+11 -2.57958979764e+11 -1.6716767802e+10 -5.515914309e+10 7.2038187451e+10 -2.264385302e+11 -2.195540526e+09 2.5300134763e+11 -1.71320646043e+11 -1.26471683076e+11 -2.1532269158e+11 1.23879763209e+11 -2.7690076802e+10 -2.14754666423e+11 2.22363326677e+11 9.6773156745e+10 2.25030779545e+11 -1.22765563164e+11 -6.9177734634e+10 -1.3928347693e+11 8.8829733755e+10 2.0805217913e+10 -1.73957520362e+11 -3.7519840103e+10 2.4200125132e+11 2.30806598429e+11 -1.7070606589e+11 -7.6716873933e+10 1.56389086475e+11 2.63624296444e+11 -2.54969958463e+11 -2.51177105399e+11 4.1340814055e+10 -2.28049616283e+11 2.51096514413e+11 -1.36594395546e+11 1.70958476947e+11 -1.66091925515e+11 -1.6489746497e+10 2.14482635387e+11 1.57505612935e+11 -2.00979590787e+11 1.0756622336e+11 7.6542518008e+10 
1.14445327412e+11 -1.65133227844e+11 -1.50903292974e+11 1.85530197509e+11 1.75519663502e+11 1.7057520802e+10 3.3693879624e+10 1.64052948708e+11 2.057175485e+09 -2.62936428925e+11 1.39252228465e+11 -3.2258828208e+10 1.48954216381e+11 1.89112628819e+11 2.23952400275e+11 2.70209759073e+11 -2.1975174717e+11 -1.17834338713e+11 1.76136488245e+11 1.30602444646e+11 2.33070289155e+11 -3.666991264e+10 -9.2015823076e+10 1.4369502453e+10 -3.4849348543e+10 -1.77414433887e+11 -1.64967385369e+11 -5.5705009207e+10 1.66836669499e+11 2.28094543142e+11 -1.1553666185e+11 2.61285298384e+11 2.69470212202e+11 -2.62827755669e+11 1.80599468584e+11 7.271890134e+10 -2.27859859485e+11 8.2458955227e+10 2.620448233e+10 -2.30675781743e+11 2.9169958613e+10 -1.48046159015e+11 4.4145102354e+10 2.044688097e+11 9.9366401557e+10 -1.86833694141e+11 1.2188058018e+11 -9.5691663746e+10 -2.12665291236e+11 -1.13444187211e+11 1.04940553249e+11 2.44409065419e+11 5.4203917518e+10 4.8879528238e+10 2.00103332781e+11 1.32847250046e+11 1.32586966543e+11 -5.6498360525e+10 2.72662500626e+11 2.34939213521e+11 -5.8554395621e+10 -2.71572838856e+11 -2.6998361036e+11 -2.40883046673e+11 -4.2846515717e+10 1.79622681491e+11 1.71086593949e+11 6.2548484528e+10 8.8144611551e+10 -1.17641689932e+11 -5.9868997627e+10 -1.04382386016e+11 -4.7594977216e+10 -1.73468118073e+11 1.72453958461e+11 -8.9997831394e+10 -1.99040728554e+11 1.44595172697e+11 -6.688430309e+10 -1.94114146513e+11 -3.4354639306e+10 -1.90206875192e+11 3.5963139448e+10 4.010951359e+10 2.32193917545e+11 1.50699944517e+11 1.19455159091e+11 -3.393613357e+09 -2.72071851707e+11 -6.0480095234e+10 -2.17345703839e+11 -2.65097177548e+11 1.48292452908e+11 5.5024896723e+10 -1.5112880529e+11 1.14094248039e+11 -2.6784183489e+11 6.8083347781e+10 -2.52456297537e+11 1.40331822185e+11 2.57767933447e+11 8.2967871888e+10 8.8078355814e+10 -2.28684152036e+11 2.36693952129e+11 -2.5588235537e+11 -8.4175969932e+10 9.6218252559e+10 -2.707574421e+10 -1.11433115908e+11 2.1501366031e+10 1.61229663115e+11 -1.0490642785e+11 1.81196278033e+11 -1.40272960148e+11 -2.6430231815e+10 1.65217150717e+11 6.4568914719e+10 -2.57701861559e+11 2.46445784758e+11 -2.57841614021e+11 -4.4255747185e+10 2.15116070649e+11 1.67982899129e+11 2.36948187176e+11 2.61519068005e+11 -2.42772867212e+11 8.0784186789e+10 2.34371238617e+11 1.0988866333e+10 -1.1346690719e+11 -3.5050136131e+10 -1.39038354206e+11 2.69957940794e+11 -2.64683598927e+11 -8.0110182242e+10 1.77070533681e+11 2.54642982632e+11 2.3088906231e+10 1.59126896108e+11 1.01925801672e+11 1.48222898306e+11 -9.5454742615e+10 -3.035731326e+10 7.642252694e+09 -1.56227904313e+11 1.26310700665e+11 -1.27616199402e+11 -2.47540026567e+11 -5.0086209089e+10 5.876010871e+10 1.44971732744e+11 -3.5081478277e+10 8.6350795443e+10 9.369219336e+09 -8.9370028297e+10 2.42159155848e+11 -8.7555266778e+10 -8.2119729676e+10 2.73671510268e+11 2.62415396372e+11 9.8522136576e+10 9.092394332e+09 -1.86415638972e+11 1.99778702264e+11 -1.39717372293e+11 2.05272302038e+11 1.4595404237e+11 1.87612498702e+11 
1.20822155275e+11 6.0374466987e+10 -5.3488028598e+10 1.6009474847e+10 -1.35334133123e+11 2.74723339998e+11 1.04221724648e+11 -3.0735057044e+10 -5.3930567237e+10 1.21461152284e+11 -2.71716500086e+11 -6.948035353e+09 1.93714011584e+11 4.0110728488e+10 -1.9971673412e+11 -2.72954433806e+11 -2.38797430905e+11 -2.21504499792e+11 -1.6830436574e+10 1.34369970338e+11 6.0322092724e+10 -8.722627197e+10 -2.5376497591e+10 1.640877272e+09 -1.35569239464e+11 8.3839200181e+10 2.25610569196e+11 4.9668844594e+10 -2.723025144e+09 -2.67119678455e+11 -2.56176785068e+11 1.49904166802e+11 2.70416323212e+11 -1.69401152861e+11 4.3136573662e+10 6.9716700709e+10 -1.76737371494e+11 1.68271441199e+11 -2.07768574977e+11 -1.25072901779e+11 9.4524923142e+10 2.55786119511e+11 -1.66933533307e+11 9.197780769e+09 -5.3745169399e+10 2.52509932706e+11 -5.1914128367e+10 3.3222248486e+10 -2.38864417257e+11 3.9902383993e+10 -7.4261478307e+10 1.52703541793e+11 2.17027414014e+11 -2.57357086944e+11 1.62580635098e+11 2.59518470673e+11 -2.16464306649e+11 -2.5922883311e+10 -4.3576474778e+10 -7.6466614039e+10 -1.80105168909e+11 1.37180591944e+11 3.7446007768e+10 -1.40564788277e+11 -3.9590509512e+10 -1.76860490787e+11 1.17597248557e+11 7.750097969e+09 2.37584771083e+11 -1.0486467298e+10 2.12915640078e+11 -1.51815285356e+11 2.17748580049e+11 -1.03177655446e+11 1.2387978648e+11 2.69734471361e+11 1.81994300347e+11 -1.115739689e+11 -1.16213524239e+11 -1.85432075968e+11 1.54220170397e+11 -1.90215586361e+11 6.3317145902e+10 -1.42255861062e+11 1.17526601489e+11 -1.30639546678e+11 -4.350925657e+09 1.93372873918e+11 -1.9534027367e+10 1.40754797925e+11 -2.68678975983e+11 4.5109434723e+10 3.4675074753e+10 -2.19421035277e+11 -2.66737355379e+11 2.11153302649e+11 -8.0164692139e+10 -1.6572851598e+10 -2.06831847847e+11 9.7591855239e+10 -2.20194471565e+11 1.42314350273e+11 3.6445902824e+10 -2.57970221891e+11 2.18621916747e+11 1.47353773842e+11 -9.1864340211e+10 -1.5088063026e+11 1.47471418294e+11 -2.66825733807e+11 5.1618699164e+10 4.3002998323e+10 -4.1130648532e+10 -1.80986817227e+11 -8.8742675272e+10 -1.92942115081e+11 1.31747373055e+11 2.2003431678e+11 5.3292547735e+10 -2.57921956047e+11 9.1601597807e+10 1.11984598345e+11 -5.2311970011e+10 7.672181339e+10 -3.320426002e+10 5.7374989192e+10 -2.57082175143e+11 -4.1362687705e+10 -2.52502320527e+11 2.16623585785e+11 -2.00723211943e+11 -5.1769277915e+10 -1.27746282512e+11 -2.10280573119e+11 9.5103832401e+10 2.60160933338e+11 2.08543219736e+11 -1.03178356557e+11 1.47198783524e+11 -1.35950032079e+11 3.1330786138e+10 -4.8608890311e+10 1.12901687367e+11 -6.3760114924e+10 9.2769167972e+10 -6.8462647582e+10 -2.1186286987e+11 2.27599818177e+11 5.8006928763e+10 1.13355531862e+11 -1.70513955398e+11 -1.6624397797e+11 -1.8253424408e+10 1.3525339919e+10 -6.584770892e+10 2.52314213284e+11 1.44449186327e+11 2.45843165253e+11 2.69680042531e+11 -1.20267975327e+11 -1.38054490873e+11 -2.72250662182e+11 -8.09570248e+08 1.45743896122e+11 -2.431264863e+10 5.9886054668e+10 -2.20832678185e+11 2.25804338944e+11 9.9844562132e+10 
2.18421409519e+11 2.29729210499e+11 2.09587611109e+11 -2.25109308924e+11 1.91446081234e+11 4.7354604164e+10 6.8658558312e+10 -8.9433096751e+10 -4.1362936663e+10 6.125534777e+09 1.3028407059e+10 1.81287003521e+11 3.9463842704e+10 6.7853850441e+10 -2.42245557775e+11 -1.75699408954e+11 1.34805839597e+11 2.73028771802e+11 1.42789360511e+11 -3.0511379519e+10 -1.15366594719e+11 -2.61981141907e+11 2.008009317e+09 3.7233249894e+10 -6.3090657885e+10 1.75587903761e+11 1.00104573057e+11 1.51115485106e+11 -2.61764498157e+11 -3.5718665642e+10 -1.48028868635e+11 2.0565590369e+11 1.56577153539e+11 1.69431303612e+11 1.54525917821e+11 2.58522485141e+11 -3.1309770253e+10 -4.8647807985e+10 -2.06207948662e+11 2.51025009269e+11 1.59820944784e+11 3.8861815727e+10 -1.21561610209e+11 -3.4877206414e+10 -1.96480845731e+11 1.15166395124e+11 1.53121148531e+11 3.22731169e+10 -1.5100558137e+11 2.51304427618e+11 -2.7518814944e+10 4.3709206e+10 5.133541203e+10 -1.82009482061e+11 -1.11338121251e+11 -2.04050003353e+11 -9.2500120365e+10 1.23517624537e+11 -1.20427104228e+11 -1.19513140102e+11 -2.00088232917e+11 -1.13199739395e+11 2.24986125473e+11 5.9685664979e+10 -1.21456581049e+11 1.22755041555e+11 -9.9555054883e+10 1.04893836473e+11 1.1345742341e+10 -4.0965390514e+10 -1.44437324156e+11 -2.7364998913e+11 -8.2392903353e+10 -2.38033241363e+11 1.13729154274e+11 2.430281709e+11 1.84933469314e+11 -1.85537997e+11 2.54937082877e+11 2.2513730465e+10 -1.76089240736e+11 5.073110521e+09 -6.8891520408e+10 -7.6077874374e+10 -1.7238834112e+10 -2.39459448376e+11 -7.0844965711e+10 -1.41426879294e+11 1.96973986303e+11 -2.13297427748e+11 -1.9837288863e+11 -2.31823823391e+11 -7.3017076888e+10 -4.6627710376e+10 6.0107340013e+10 1.860053339e+11 3.2983607224e+10 -4.215816981e+10 9.5445407153e+10 3.3912829229e+10 -1.1426589356e+10 1.10344730822e+11 3.7261402335e+10 -9.1683383928e+10 -1.76665068535e+11 -3.6596140222e+10 -4.7235266118e+10 6.144087833e+10 1.3103025907e+10 -6.927604099e+09 -1.21274114092e+11 3.7289833744e+10 1.17933627009e+11 6.1512589294e+10 1.94617488965e+11 1.05483851719e+11 -1.5875166473e+11 -2.41783582877e+11 2.36018828464e+11 2.36912131569e+11 -5.6657409629e+10 -2.16670612182e+11 5.5107138777e+10 -5.309456384e+10 7.2961924139e+10 3.8003504194e+10 -2.02241948871e+11 8.9037381937e+10 1.6226737926e+11 -2.01287876604e+11 2.24540770405e+11 -2.9391422777e+10 9.6158618717e+10 -1.01530919376e+11 -2.31148121769e+11 8.4866085327e+10 -8.008612294e+10 2.8574480882e+10 -7.5675069032e+10 8.0327110412e+10 -1.92940976877e+11 9.004616399e+09 -1.9286416152e+10 1.45171327584e+11 -1.72280220581e+11 -2.72973982672e+11 -1.92671797356e+11 1.05405634288e+11 2.14889146443e+11 -4.5272542618e+10 2.3418874355e+10 9.1025971676e+10 -8.8631867105e+10 8.2709069966e+10 -1.20996847363e+11 -1.3151583141e+10 6.6801894878e+10 -1.4134879745e+10 2.01332175393e+11 -1.15552387201e+11 -4.3762933126e+10 1.8682152978e+11 -1.09721056024e+11 8.8400444578e+10 1.10372304813e+11 1.90505043152e+11 -1.80543935939e+11 -4.9624185541e+10 7.1165354547e+10 
