Convolution
Square
Pool
layer: 0
0 7856809 -3 267413011951
1 7856809 0 0
2 7856809 -3 -71734887587
3 7856809 0 0
4 7856809 -7 -44308712085
5 7856809 4 31427236
6 7856809 14 109995326
7 7856809 7 54997663
8 7856809 11 86424899
9 7856809 -2 -58822388184
10 7856809 -11 39881702730
11 7856809 -14 202886020711
12 7856809 -1 152948164225
13 7856809 -3 182426399076
14 7856809 2 15713618
15 7856809 -6 -39677871373
16 7856809 4 31427236
17 7856809 11 86424899
18 7856809 14 109995326
19 7856809 -3 -127415366541
20 7856809 10 78568090
21 7856809 1 7856809
22 7856809 3 23570427
23 7856809 -9 -61616382930
24 7856809 -11 -228398458249
25 7856809 0 0
26 7856809 4 31427236
27 11383876 -1 36461679555
28 3225616 5 16128080
29 398161 0 0
30 1612900 -6 -26779054124
31 2601769 9 23415921
32 2725801 9 24532209
33 2725801 9 24532209
34 2502724 19 47551756
35 1792921 7 12550447
36 6538249 -9 -173185329793
37 7856809 -3 -67337457592
38 7856809 0 0
39 7856809 4 31427236
40 994009 16 15904144
41 7118224 0 0
42 43731769 3 131195307
43 29387241 -15 82619703085
44 14760964 -25 -179346488296
45 12404484 -48 166611697414
46 10144225 -4 82657173204
47 17073424 15 256101360
48 11431161 23 262916703
49 16281225 8 130249800
50 7856809 0 0
51 7856809 2 15713618
52 7856809 -7 243624945389
53 11189025 -2 -266294765950
54 31326409 0 0
55 24147396 -18 -102296252832
56 25593481 -14 204541320711
57 39137536 -29 68215768971
58 42614784 -43 64862333802
59 64000000 -15 -232545427484
60 10061584 -5 -118394262287
61 43890625 24 1053375000
62 20007729 8 160061832
63 7856809 10 78568090
64 7856809 1 7856809
65 7856809 -6 142913323950
66 7856809 -2 -243278180250
67 7856809 -2 -90054139852
68 7856809 -10 270694916983
69 9272025 -9 -60887787829
70 10368400 -26 -95781055446
71 10705984 -41 274318078378
72 857476 4 3429904
73 5919489 24 142067736
74 89075844 16 1425213504
75 3511876 -5 34296135333
76 7856809 3 23570427
77 7856809 0 0
78 7856809 0 0
79 7856809 5 39284045
80 7856809 7 54997663
81 7856809 -5 -9155810754
82 7856809 6 47140854
83 7856809 -5 -23359878213
84 8317456 -48 -216271780477
85 36 4 144
86 86992929 28 2435802012
87 22572001 22 496584022
88 5822569 -20 272036370133
89 7856809 4 31427236
90 7856809 -6 -573844799
91 7856809 3 23570427
92 7856809 13 102138517
93 7856809 19 149279371
94 7856809 9 70711281
95 7856809 33 259274697
96 9060100 -12 203438731969
97 1087849 -44 -190898800903
98 11580409 -13 -15028177820
99 76195441 11 838149851
100 2735716 0 0
101 7856809 -18 -173322806771
102 7856809 0 0
103 7856809 -6 -108755201042
104 7856809 -7 41697003706
105 7856809 -10 131750111200
106 7856809 17 133565753
107 7856809 -7 165589239382
108 7856809 16 125708944
109 6953769 -5 -261133034942
110 1378276 5 6891380
111 92275236 -4 -203836810365
112 16966161 13 220560093
113 6760000 10 67600000
114 7856809 -20 -255357103814
115 7856809 -14 -274115747066
116 7856809 -24 64278892876
117 7856809 1 7856809
118 7856809 -8 -263133886976
119 7856809 15 117852135
120 7856809 21 164992989
121 11580409 52 602181268
122 802816 19 15253504
123 43797924 17 744564708
124 71690089 9 645210801
125 2692881 26 70014906
126 7856809 10 78568090
127 7856809 2 15713618
128 7856809 0 0
129 7856809 -11 -137246792437
130 7856809 0 0
131 7856809 0 0
132 7856809 -2 256099772948
133 8785296 -3 -256983384604
134 998001 25 24950025
135 3147076 7 22029532
136 95902849 -4 184456453532
137 4730625 -17 -128600715634
138 7219969 18 129959442
139 7856809 2 15713618
140 7856809 -19 59731902181
141 7856809 1 7856809
142 7856809 -5 245398345165
143 7856809 0 0
144 7856809 -1 -38856566362
145 7856809 -9 -63734313767
146 7112889 -18 -141551578531
147 544644 0 0
148 60621796 -2 -10846321745
149 38601369 -13 262387887025
150 6869641 -15 195225359435
151 7856809 10 78568090
152 7856809 6 47140854
153 7856809 11 86424899
154 7856809 3 23570427
155 7856809 -5 -11381659487
156 7856809 3 23570427
157 7856809 0 0
158 7856809 -2 -90710347890
159 3294225 -8 -101318155014
160 22014864 -5 -186524251765
161 115283169 -5 -181012097378
162 11909401 -2 47469658700
163 6395841 -14 120129810885
164 7856809 11 86424899
165 7856809 1 7856809
166 7856809 14 109995326
167 7856809 12 94281708
168 7856809 6 47140854
169 49 -2 168712876666
170 49 1 49
171 49 1 49
172 49 -4 -107697584651
173 49 -2 39166826208
174 49 2 98
175 49 0 0
176 49 4 196
177 49 0 0
178 49 -1 231202572380
179 49 0 0
180 49 0 0
181 49 -1 -171886090360
182 49 1 49
183 49 0 0
184 49 0 0
185 49 1 49
186 49 -1 -36460231390
187 49 2 98
188 49 -2 -42577862615
189 49 0 0
190 49 -1 -134871170146
191 49 0 0
192 49 1 49
193 49 -1 -188361246348
194 49 0 0
195 49 -3 -86116209570
196 12321 1 12321
197 141376 0 0
198 174724 -1 210350243976
199 128164 0 0
200 105625 -2 -90222372827
201 101761 3 305283
202 101761 -2 244579531456
203 97969 -4 218038620658
204 34969 -3 -250397419630
205 25 0 0
206 49 -2 120804138188
207 49 1 49
208 49 0 0
209 289 2 578
210 19881 8 159048
211 13456 2 26912
212 4900 -4 170155773529
213 5776 1 5776
214 6561 4 26244
215 5476 -2 210966820762
216 4900 2 9800
217 12321 -2 35808949292
218 9604 0 0
219 49 -2 106504518720
220 49 -2 111559586111
221 49 -3 -45795094280
222 2809 -4 21853337649
223 36864 3 110592
224 126736 0 0
225 118336 -3 218612415393
226 121801 6 730806
227 83521 -6 -143158920766
228 180625 0 0
229 341056 -7 -42799123432
230 92416 -3 187594904483
231 1089 1 1089
232 49 -1 153072851112
233 49 4 196
234 49 1 49
235 49 0 0
236 49 1 49
237 49 0 0
238 729 5 3645
239 2025 -2 -75782749529
240 9025 -4 -147698981733
241 142884 0 0
242 87025 -4 -151126995068
243 5625 3 16875
244 12996 0 0
245 49 0 0
246 49 -1 -257685390194
247 49 -3 54487033179
248 49 0 0
249 49 -2 -158769123545
250 49 4 196
251 49 3 147
252 49 1 49
253 16129 5 80645
254 51076 -1 152951106747
255 45369 6 272214
256 8649 0 0
257 1764 2 3528
258 49 0 0
259 49 -1 113853073048
260 49 -2 -258178802959
261 49 3 147
262 49 0 0
263 49 3 147
264 49 -1 -70647045631
265 625 0 0
266 107584 0 0
267 70756 5 353780
268 11025 0 0
269 13456 -1 262286895133
270 49 -3 -118426094901
271 49 0 0
272 49 0 0
273 49 2 98
274 49 0 0
275 49 9 441
276 49 1 49
277 49 1 49
278 81796 1 81796
279 90601 -3 153669339929
280 18769 4 75076
281 5329 -1 59875486524
282 784 0 0
283 49 -4 265935329106
284 49 2 98
285 49 1 49
286 49 0 0
287 49 -4 -150957638693
288 49 0 0
289 49 -4 -217586397696
290 9025 -1 -169240064132
291 97344 3 292032
292 30625 1 30625
293 7396 -3 -196879256595
294 14161 -3 -270464128495
295 49 0 0
296 49 -2 -265251866102
297 49 0 0
298 49 0 0
299 49 1 49
300 49 0 0
301 49 2 98
302 441 1 441
303 93636 -1 86403528965
304 108900 -1 -5240715255
305 57600 1 57600
306 18496 0 0
307 361 0 0
308 49 -1 199509298106
309 49 0 0
310 49 0 0
311 49 0 0
312 49 0 0
313 49 0 0
314 49 1 49
315 9604 -3 -242781738506
316 68121 0 0
317 73441 -2 -143632711324
318 4225 0 0
319 729 0 0
320 49 0 0
321 49 0 0
322 49 0 0
323 49 0 0
324 49 3 147
325 49 0 0
326 49 0 0
327 49 1 49
328 576 2 1152
329 0 -3 243331466960
330 51984 1 51984
331 27889 0 0
332 900 0 0
333 49 2 98
334 49 2 98
335 49 -1 205861258353
336 49 0 0
337 49 0 0
338 861184 0 0
339 861184 -7 55536157682
340 861184 -9 16350260186
341 861184 -10 118686773488
342 861184 -3 -236754782901
343 861184 -4 195085370103
344 861184 0 0
345 861184 -4 -174511008406
346 861184 1 861184
347 861184 8 6889472
348 861184 13 11195392
349 861184 9 7750656
350 861184 4 3444736
351 861184 -15 271033480213
352 861184 -3 -93338607445
353 861184 0 0
354 861184 -13 -206349570070
355 861184 -7 -177745238069
356 861184 -2 152865854472
357 861184 -6 16101745163
358 861184 17 14640128
359 861184 24 20668416
360 861184 8 6889472
361 861184 4 3444736
362 861184 5 4305920
363 861184 0 0
364 861184 3 2583552
365 141376 7 989632
366 1779556 0 0
367 11189025 -9 243547261796
368 19272100 -7 -270523351094
369 11222500 -19 269592535617
370 5271616 4 21086464
371 5271616 3 15814848
372 5354596 -10 -54716613464
373 8111104 -3 260300807452
374 4892944 -9 261540490713
375 861184 -1 3678247996
376 861184 6 5167104
377 861184 14 12056576
378 1324801 17 22521617
379 33396841 14 467555774
380 4761124 15 71416860
381 680625 -3 66028776232
382 419904 4 1679616
383 308025 -9 233702042504
384 1227664 -12 -270045750675
385 161604 1 161604
386 25826724 15 387400860
387 34904464 25 872611600
388 861184 9 7750656
389 861184 -2 -193436539965
390 861184 3 2583552
391 379456 6 2276736
392 5085025 -2 -129731022741
393 6290064 4 25160256
394 19989841 12 239878092
395 13032100 0 0
396 13162384 -7 -267457914705
397 12313081 -12 -250426826814
398 69056100 -31 -120446595799
399 18939904 -8 -233171156991
400 30691600 5 153458000
401 861184 -6 201112616954
402 861184 -11 266845813890
403 861184 -7 -185625324688
404 861184 -3 159321889796
405 861184 9 7750656
406 861184 11 9473024
407 753424 11 8287664
408 374544 -1 261817964618
409 294849 6 1769094
410 17114769 0 0
411 20277009 -9 178611920819
412 29866225 -22 183426820302
413 7230721 -12 12092526118
414 861184 -12 -182574811488
415 861184 -11 107490538161
416 861184 5 4305920
417 861184 15 12917760
418 861184 24 20668416
419 861184 22 18946048
420 861184 25 21529600
421 861184 11 9473024
422 51076 -2 116927025308
423 52852900 -8 77077344867
424 3352561 -17 -202018582371
425 18852964 -35 137062758794
426 1697809 -14 259895766344
427 861184 -1 192222453508
428 861184 -5 -5976907603
429 861184 4 3444736
430 861184 -2 -6200880345
431 861184 -9 -221675881475
432 861184 -8 -103796429795
433 861184 -5 33008653028
434 763876 -5 -65844436058
435 12909649 3 38728947
436 16900321 -7 245604521979
437 30924721 1 30924721
438 5736025 -10 263555779118
439 861184 -1 -143925990918
440 861184 -4 252100446626
441 861184 0 0
442 861184 1 861184
443 861184 5 4305920
444 861184 0 0
445 861184 8 6889472
446 861184 9 7750656
447 1985281 -19 62062197554
448 35473936 0 0
449 10890000 18 196020000
450 16329681 34 555209154
451 1140624 14 15968736
452 861184 1 861184
453 861184 19 16362496
454 861184 7 6028288
455 861184 7 6028288
456 861184 9 7750656
457 861184 5 4305920
458 861184 21 18084864
459 286225 21 6010725
460 37332100 7 261324700
461 463761 -11 130275355330
462 19624900 -23 -137513271467
463 4765489 -8 -170053330799
464 861184 -9 -235713063743
465 861184 -5 266714541668
466 861184 -8 229756596045
467 861184 3 2583552
468 861184 -1 -208436680816
469 861184 -6 176037077453
470 861184 -5 92034709075
471 784996 1 784996
472 11648569 23 267917087
473 27931225 20 558624500
474 26656569 -3 166855773048
475 8982009 -18 148295024404
476 1016064 -5 -269484027533
477 861184 0 0
478 861184 1 861184
479 861184 0 0
480 861184 -3 13894267560
481 861184 -1 -244369822515
482 861184 -14 -106639078803
483 861184 -21 112315756185
484 10816 -15 -1871387170
485 59598400 -9 -146591283514
486 2699449 -2 208808291052
487 58155876 0 0
488 3247204 7 22730428
489 861184 6 5167104
490 861184 6 5167104
491 861184 0 0
492 861184 -3 -1143633378
493 861184 0 0
494 861184 -5 109273598974
495 861184 0 0
496 861184 2 1722368
497 178084 -19 -149248126543
498 47403225 -22 -68730100328
499 4008004 0 0
500 7969329 9 71723961
501 1495729 -1 -68384313866
502 861184 0 0
503 861184 16 13778944
504 861184 7 6028288
505 861184 -4 -105034222608
506 861184 2 1722368
507 2178576 -3 -145319482510
508 2178576 0 0
509 2178576 0 0
510 2178576 3 6535728
511 2178576 -6 114086112672
512 2178576 2 4357152
513 2178576 -10 -10710937433
514 2178576 -11 106525820427
515 2178576 -18 257612119434
516 2178576 2 4357152
517 2178576 0 0
518 2178576 3 6535728
519 2178576 1 2178576
520 2178576 4 8714304
521 2178576 -2 195750721984
522 2178576 1 2178576
523 2178576 3 6535728
524 2178576 -11 108905413993
525 2178576 -12 -32741380963
526 2178576 -20 112823106956
527 2178576 -18 208205794619
528 2178576 3 6535728
529 2178576 1 2178576
530 2178576 13 28321488
531 2178576 8 17428608
532 2178576 -9 101405951692
533 2178576 3 6535728
534 2982529 0 0
535 24324624 -4 149989408845
536 80496784 0 0
537 76667536 -23 -95323400926
538 47914084 -29 73637300557
539 34999056 -17 82636916774
540 34999056 6 209994336
541 34892649 19 662960331
542 24383844 16 390141504
543 6765201 10 67652010
544 2178576 2 4357152
545 2178576 -5 -97428734728
546 2178576 -3 202537559476
547 1517824 0 0
548 2611456 0 0
549 4355569 -17 -3604440857
550 38809 -41 -57093640770
551 13630864 -19 181108622060
552 26399044 3 79197132
553 30129121 11 331420331
554 37515625 20 750312500
555 53465344 18 962376192
556 28836900 7 201858300
557 2178576 0 0
558 2178576 -8 -268477640597
559 2178576 4 8714304
560 40000 -17 159403721695
561 5895184 -11 -218779272933
562 28955161 -6 -18752601648
563 48358116 0 0
564 70711281 7 494978967
565 71740900 17 1219595300
566 68807025 30 2064210750
567 22448644 16 359178304
568 1934881 10 19348810
569 492804 1 492804
570 2178576 0 0
571 2178576 2 4357152
572 2178576 0 0
573 2178576 0 0
574 2178576 0 0
575 2178576 -9 -165905201649
576 1299600 -6 179289117240
577 883600 -10 242414888466
578 332929 7 2330503
579 6739216 -1 -96081134971
580 40401 -23 -198368993469
581 729 10 7290
582 82369 2 164738
583 2178576 3 6535728
584 2178576 1 2178576
585 2178576 -16 -239472794288
586 2178576 5 10892880
587 2178576 11 23964336
588 2178576 0 0
589 2178576 13 28321488
590 2178576 -1 -235286774399
591 3478225 5 17391125
592 2190400 -10 259427081469
593 418609 -5 -20477110330
594 1692601 5 8463005
595 1052676 7 7368732
596 2178576 4 8714304
597 2178576 6 13071456
598 2178576 0 0
599 2178576 -3 270159096690
600 2178576 28 61000128
601 2178576 3 6535728
602 2178576 24 52285824
603 2259009 -2 28711616822
604 9394225 3 28182675
605 73984 -15 -174971779859
606 106276 10 1062760
607 45796 9 412164
608 2178576 17 37035792
609 2178576 0 0
610 2178576 0 0
611 2178576 7 15250032
612 2178576 4 8714304
613 2178576 0 0
614 2178576 21 45750096
615 2178576 -6 -262361969459
616 9548100 -17 236211379525
617 10738729 -9 -190520973718
618 221841 -3 -223304576021
619 660969 22 14541318
620 1602756 17 27246852
621 2178576 0 0
622 2178576 -11 -198495665508
623 2178576 -3 48707198909
624 2178576 -5 39924252125
625 2178576 17 37035792
626 2178576 10 21785760
627 2178576 -8 62129293087
628 3076516 -19 -196940116379
629 12152196 4 48608784
630 454276 -7 195110173673
631 2917264 -4 -7234380209
632 18496 -13 -161383373712
633 2178576 8 17428608
634 2178576 9 19607184
635 2178576 11 23964336
636 2178576 -8 -174003367772
637 2178576 12 26142912
638 2178576 3 6535728
639 2178576 3 6535728
640 2241009 -13 47864278916
641 13104400 -28 -247467165921
642 3523129 13 45800677
643 576081 16 9217296
644 690561 -4 -157546604192
645 1838736 -11 -239870089521
646 2178576 20 43571520
647 2178576 10 21785760
648 2178576 3 6535728
649 2178576 4 8714304
650 2178576 2 4357152
651 2178576 -1 148598061355
652 2178576 -6 -135105167695
653 3154176 4 12616704
654 1245456 -4 217622910721
655 21904 17 372368
656 1024 16 16384
657 1357225 0 0
658 2178576 2 4357152
659 2178576 16 34857216
660 2178576 10 21785760
661 2178576 -3 48379947329
662 2178576 4 8714304
663 2178576 -1 253873948649
664 2178576 0 0
665 2178576 3 6535728
666 427716 1 427716
667 22867524 -8 -24323105902
668 53260804 14 745651256
669 5626384 7 39384688
670 1313316 0 0
671 2178576 16 34857216
672 2178576 10 21785760
673 2178576 -4 -268277317668
674 2178576 -2 52948707743
675 2178576 4 8714304
676 18627856 0 0
677 18627856 -8 156971227398
678 18627856 -2 -193480487125
679 18627856 -9 -204758091118
680 18627856 1 18627856
681 18627856 -14 -202520561023
682 18627856 1 18627856
683 18627856 8 149022848
684 18627856 9 167650704
685 18627856 9 167650704
686 18627856 -3 181480715485
687 18627856 -6 -211357052437
688 18627856 -9 87122157450
689 18627856 -5 201693686639
690 18627856 -5 -126589948131
691 18627856 0 0
692 18627856 0 0
693 18627856 7 130394992
694 18627856 0 0
695 18627856 3 55883568
696 18627856 0 0
697 18627856 19 353929264
698 18627856 6 111767136
699 18627856 3 55883568
700 18627856 -11 -23987540840
701 18627856 -9 -242325671414
702 18627856 9 167650704
703 24098281 12 289179372
704 53582400 35 1875384000
705 25897921 28 725141788
706 15319396 37 566817652
707 16851025 21 353871525
708 22316176 14 312426464
709 22316176 -17 256575082735
710 21780889 -17 -15556623409
711 14032516 -3 -137856652613
712 12145225 4 48580900
713 18627856 -3 79921506136
714 18627856 -17 -128895828101
715 18627856 0 0
716 26904969 9 242144721
717 30107169 27 812893563
718 55225 19 1049275
719 2640625 16 42250000
720 6985449 4 27941796
721 10342656 -16 -159746527787
722 8508889 -46 45324607904
723 14945956 -42 -197404346274
724 3865156 0 0
725 550564 -2 -225712308506
726 18627856 28 521579968
727 18627856 17 316673552
728 18627856 1 18627856
729 19598329 -1 -174446558535
730 2653641 -1 -113506253227
731 49729 3 149187
732 270400 5 1352000
733 3356224 -24 -13451852381
734 3602404 -24 -180759908495
735 3976036 -15 78193157053
736 3326976 -7 -4777452446
737 29866225 16 477859600
738 109561 14 1533854
739 18627856 22 409812832
740 18627856 20 372557120
741 18627856 6 111767136
742 18627856 20 372557120
743 18627856 -5 -271754517442
744 18627856 -3 252241947397
745 17842176 -15 -25117130281
746 14961424 -31 -247199823598
747 14002564 -27 153767085186
748 45265984 -17 47466603190
749 17447329 -40 92636237042
750 50481025 -19 174450884219
751 7447441 2 14894882
752 18627856 0 0
753 18627856 13 242162128
754 18627856 0 0
755 18627856 1 18627856
756 18627856 -8 -124026896718
757 18627856 -29 -60595995495
758 18627856 -1 155812153414
759 18627856 3 55883568
760 25928464 -5 33883884793
761 78110244 -5 97940181819
762 27562500 -26 49171784473
763 3218436 -21 -161874356974
764 17313921 -7 87558594149
765 18627856 -11 180547102176
766 18627856 17 316673552
767 18627856 14 260789984
768 18627856 -3 -237595063182
769 18627856 14 260789984
770 18627856 7 130394992
771 18627856 4 74511424
772 20133169 -1 211814507517
773 57274624 -28 212749727352
774 11785489 -45 123807208594
775 43414921 -39 174185684570
776 10850436 2 21700872
777 18627856 -7 43127090742
778 18627856 -10 69402539044
779 18627856 11 204906416
780 18627856 5 93139280
781 18627856 13 242162128
782 18627856 15 279417840
783 18627856 19 353929264
784 18627856 21 391184976
785 36409156 -7 88024402161
786 74494161 -47 -166440541999
787 32148900 -44 93612070485
788 588289 -44 170797054936
789 18267076 -21 3211759902
790 18627856 23 428440688
791 18627856 4 74511424
792 18627856 3 55883568
793 18627856 -12 -10969747448
794 18627856 0 0
795 18627856 -16 44041753311
796 18627856 -3 15390160768
797 24581764 2 49163528
798 83338641 -34 169247961752
799 1488400 -20 -225585817047
800 30625156 -10 -224384243269
801 11881809 -5 -171770499626
802 18627856 -5 -15875560511
803 18627856 0 0
804 18627856 -14 -64538209177
805 18627856 1 18627856
806 18627856 -5 -51055745072
807 18627856 -19 119435255593
808 18627856 -5 -260025233577
809 19793601 -19 -4266928456
810 54819216 -23 235230057648
811 35497764 -21 261453627129
812 62583921 9 563255289
813 1809025 -2 185103006312
814 18421264 -13 -9845399262
815 18627856 1 18627856
816 18627856 -8 -101127872178
817 18627856 4 74511424
818 18627856 8 149022848
819 18627856 -4 -218560110958
820 18627856 5 93139280
821 18627856 -7 -183606563121
822 23697424 -14 -88444693240
823 81126049 13 1054638637
824 6775609 29 196492661
825 26061025 13 338793325
826 14348944 25 358723600
827 18627856 24 447068544
828 18627856 -4 121608973672
829 18627856 -8 -213233979143
830 18627856 0 0
831 18627856 0 0
832 18627856 4 74511424
833 18627856 6 111767136
834 18627856 6 111767136
835 24700900 6 148205400
836 11512449 20 230248980
837 29106025 18 523908450
838 13924 9 125316
839 17514225 19 332770275
840 18627856 1 18627856
841 18627856 1 18627856
842 18627856 6 111767136
843 18627856 5 93139280
844 18627856 3 55883568
0 267413011951
1 0
2 -71734887587
3 0
4 -44308712085
5 31427236
6 109995326
7 54997663
8 86424899
9 -58822388184
10 39881702730
11 202886020711
12 152948164225
13 182426399076
14 15713618
15 -39677871373
16 31427236
17 86424899
18 109995326
19 -127415366541
20 78568090
21 7856809
22 23570427
23 -61616382930
24 -228398458249
25 0
26 31427236
27 36461679555
28 16128080
29 0
30 -26779054124
31 23415921
32 24532209
33 24532209
34 47551756
35 12550447
36 -173185329793
37 -67337457592
38 0
39 31427236
40 15904144
41 0
42 131195307
43 82619703085
44 -179346488296
45 166611697414
46 82657173204
47 256101360
48 262916703
49 130249800
50 0
51 15713618
52 243624945389
53 -266294765950
54 0
55 -102296252832
56 204541320711
57 68215768971
58 64862333802
59 -232545427484
60 -118394262287
61 1053375000
62 160061832
63 78568090
64 7856809
65 142913323950
66 -243278180250
67 -90054139852
68 270694916983
69 -60887787829
70 -95781055446
71 274318078378
72 3429904
73 142067736
74 1425213504
75 34296135333
76 23570427
77 0
78 0
79 39284045
80 54997663
81 -9155810754
82 47140854
83 -23359878213
84 -216271780477
85 144
86 2435802012
87 496584022
88 272036370133
89 31427236
90 -573844799
91 23570427
92 102138517
93 149279371
94 70711281
95 259274697
96 203438731969
97 -190898800903
98 -15028177820
99 838149851
100 0
101 -173322806771
102 0
103 -108755201042
104 41697003706
105 131750111200
106 133565753
107 165589239382
108 125708944
109 -261133034942
110 6891380
111 -203836810365
112 220560093
113 67600000
114 -255357103814
115 -274115747066
116 64278892876
117 7856809
118 -263133886976
119 117852135
120 164992989
121 602181268
122 15253504
123 744564708
124 645210801
125 70014906
126 78568090
127 15713618
128 0
129 -137246792437
130 0
131 0
132 256099772948
133 -256983384604
134 24950025
135 22029532
136 184456453532
137 -128600715634
138 129959442
139 15713618
140 59731902181
141 7856809
142 245398345165
143 0
144 -38856566362
145 -63734313767
146 -141551578531
147 0
148 -10846321745
149 262387887025
150 195225359435
151 78568090
152 47140854
153 86424899
154 23570427
155 -11381659487
156 23570427
157 0
158 -90710347890
159 -101318155014
160 -186524251765
161 -181012097378
162 47469658700
163 120129810885
164 86424899
165 7856809
166 109995326
167 94281708
168 47140854
169 168712876666
170 49
171 49
172 -107697584651
173 39166826208
174 98
175 0
176 196
177 0
178 231202572380
179 0
180 0
181 -171886090360
182 49
183 0
184 0
185 49
186 -36460231390
187 98
188 -42577862615
189 0
190 -134871170146
191 0
192 49
193 -188361246348
194 0
195 -86116209570
196 12321
197 0
198 210350243976
199 0
200 -90222372827
201 305283
202 244579531456
203 218038620658
204 -250397419630
205 0
206 120804138188
207 49
208 0
209 578
210 159048
211 26912
212 170155773529
213 5776
214 26244
215 210966820762
216 9800
217 35808949292
218 0
219 106504518720
220 111559586111
221 -45795094280
222 21853337649
223 110592
224 0
225 218612415393
226 730806
227 -143158920766
228 0
229 -42799123432
230 187594904483
231 1089
232 153072851112
233 196
234 49
235 0
236 49
237 0
238 3645
239 -75782749529
240 -147698981733
241 0
242 -151126995068
243 16875
244 0
245 0
246 -257685390194
247 54487033179
248 0
249 -158769123545
250 196
251 147
252 49
253 80645
254 152951106747
255 272214
256 0
257 3528
258 0
259 113853073048
260 -258178802959
261 147
262 0
263 147
264 -70647045631
265 0
266 0
267 353780
268 0
269 262286895133
270 -118426094901
271 0
272 0
273 98
274 0
275 441
276 49
277 49
278 81796
279 153669339929
280 75076
281 59875486524
282 0
283 265935329106
284 98
285 49
286 0
287 -150957638693
288 0
289 -217586397696
290 -169240064132
291 292032
292 30625
293 -196879256595
294 -270464128495
295 0
296 -265251866102
297 0
298 0
299 49
300 0
301 98
302 441
303 86403528965
304 -5240715255
305 57600
306 0
307 0
308 199509298106
309 0
310 0
311 0
312 0
313 0
314 49
315 -242781738506
316 0
317 -143632711324
318 0
319 0
320 0
321 0
322 0
323 0
324 147
325 0
326 0
327 49
328 1152
329 243331466960
330 51984
331 0
332 0
333 98
334 98
335 205861258353
336 0
337 0
338 0
339 55536157682
340 16350260186
341 118686773488
342 -236754782901
343 195085370103
344 0
345 -174511008406
346 861184
347 6889472
348 11195392
349 7750656
350 3444736
351 271033480213
352 -93338607445
353 0
354 -206349570070
355 -177745238069
356 152865854472
357 16101745163
358 14640128
359 20668416
360 6889472
361 3444736
362 4305920
363 0
364 2583552
365 989632
366 0
367 243547261796
368 -270523351094
369 269592535617
370 21086464
371 15814848
372 -54716613464
373 260300807452
374 261540490713
375 3678247996
376 5167104
377 12056576
378 22521617
379 467555774
380 71416860
381 66028776232
382 1679616
383 233702042504
384 -270045750675
385 161604
386 387400860
387 872611600
388 7750656
389 -193436539965
390 2583552
391 2276736
392 -129731022741
393 25160256
394 239878092
395 0
396 -267457914705
397 -250426826814
398 -120446595799
399 -233171156991
400 153458000
401 201112616954
402 266845813890
403 -185625324688
404 159321889796
405 7750656
406 9473024
407 8287664
408 261817964618
409 1769094
410 0
411 178611920819
412 183426820302
413 12092526118
414 -182574811488
415 107490538161
416 4305920
417 12917760
418 20668416
419 18946048
420 21529600
421 9473024
422 116927025308
423 77077344867
424 -202018582371
425 137062758794
426 259895766344
427 192222453508
428 -5976907603
429 3444736
430 -6200880345
431 -221675881475
432 -103796429795
433 33008653028
434 -65844436058
435 38728947
436 245604521979
437 30924721
438 263555779118
439 -143925990918
440 252100446626
441 0
442 861184
443 4305920
444 0
445 6889472
446 7750656
447 62062197554
448 0
449 196020000
450 555209154
451 15968736
452 861184
453 16362496
454 6028288
455 6028288
456 7750656
457 4305920
458 18084864
459 6010725
460 261324700
461 130275355330
462 -137513271467
463 -170053330799
464 -235713063743
465 266714541668
466 229756596045
467 2583552
468 -208436680816
469 176037077453
470 92034709075
471 784996
472 267917087
473 558624500
474 166855773048
475 148295024404
476 -269484027533
477 0
478 861184
479 0
480 13894267560
481 -244369822515
482 -106639078803
483 112315756185
484 -1871387170
485 -146591283514
486 208808291052
487 0
488 22730428
489 5167104
490 5167104
491 0
492 -1143633378
493 0
494 109273598974
495 0
496 1722368
497 -149248126543
498 -68730100328
499 0
500 71723961
501 -68384313866
502 0
503 13778944
504 6028288
505 -105034222608
506 1722368
507 -145319482510
508 0
509 0
510 6535728
511 114086112672
512 4357152
513 -10710937433
514 106525820427
515 257612119434
516 4357152
517 0
518 6535728
519 2178576
520 8714304
521 195750721984
522 2178576
523 6535728
524 108905413993
525 -32741380963
526 112823106956
527 208205794619
528 6535728
529 2178576
530 28321488
531 17428608
532 101405951692
533 6535728
534 0
535 149989408845
536 0
537 -95323400926
538 73637300557
539 82636916774
540 209994336
541 662960331
542 390141504
543 67652010
544 4357152
545 -97428734728
546 202537559476
547 0
548 0
549 -3604440857
550 -57093640770
551 181108622060
552 79197132
553 331420331
554 750312500
555 962376192
556 201858300
557 0
558 -268477640597
559 8714304
560 159403721695
561 -218779272933
562 -18752601648
563 0
564 494978967
565 1219595300
566 2064210750
567 359178304
568 19348810
569 492804
570 0
571 4357152
572 0
573 0
574 0
575 -165905201649
576 179289117240
577 242414888466
578 2330503
579 -96081134971
580 -198368993469
581 7290
582 164738
583 6535728
584 2178576
585 -239472794288
586 10892880
587 23964336
588 0
589 28321488
590 -235286774399
591 17391125
592 259427081469
593 -20477110330
594 8463005
595 7368732
596 8714304
597 13071456
598 0
599 270159096690
600 61000128
601 6535728
602 52285824
603 28711616822
604 28182675
605 -174971779859
606 1062760
607 412164
608 37035792
609 0
610 0
611 15250032
612 8714304
613 0
614 45750096
615 -262361969459
616 236211379525
617 -190520973718
618 -223304576021
619 14541318
620 27246852
621 0
622 -198495665508
623 48707198909
624 39924252125
625 37035792
626 21785760
627 62129293087
628 -196940116379
629 48608784
630 195110173673
631 -7234380209
632 -161383373712
633 17428608
634 19607184
635 23964336
636 -174003367772
637 26142912
638 6535728
639 6535728
640 47864278916
641 -247467165921
642 45800677
643 9217296
644 -157546604192
645 -239870089521
646 43571520
647 21785760
648 6535728
649 8714304
650 4357152
651 148598061355
652 -135105167695
653 12616704
654 217622910721
655 372368
656 16384
657 0
658 4357152
659 34857216
660 21785760
661 48379947329
662 8714304
663 253873948649
664 0
665 6535728
666 427716
667 -24323105902
668 745651256
669 39384688
670 0
671 34857216
672 21785760
673 -268277317668
674 52948707743
675 8714304
676 0
677 156971227398
678 -193480487125
679 -204758091118
680 18627856
681 -202520561023
682 18627856
683 149022848
684 167650704
685 167650704
686 181480715485
687 -211357052437
688 87122157450
689 201693686639
690 -126589948131
691 0
692 0
693 130394992
694 0
695 55883568
696 0
697 353929264
698 111767136
699 55883568
700 -23987540840
701 -242325671414
702 167650704
703 289179372
704 1875384000
705 725141788
706 566817652
707 353871525
708 312426464
709 256575082735
710 -15556623409
711 -137856652613
712 48580900
713 79921506136
714 -128895828101
715 0
716 242144721
717 812893563
718 1049275
719 42250000
720 27941796
721 -159746527787
722 45324607904
723 -197404346274
724 0
725 -225712308506
726 521579968
727 316673552
728 18627856
729 -174446558535
730 -113506253227
731 149187
732 1352000
733 -13451852381
734 -180759908495
735 78193157053
736 -4777452446
737 477859600
738 1533854
739 409812832
740 372557120
741 111767136
742 372557120
743 -271754517442
744 252241947397
745 -25117130281
746 -247199823598
747 153767085186
748 47466603190
749 92636237042
750 174450884219
751 14894882
752 0
753 242162128
754 0
755 18627856
756 -124026896718
757 -60595995495
758 155812153414
759 55883568
760 33883884793
761 97940181819
762 49171784473
763 -161874356974
764 87558594149
765 180547102176
766 316673552
767 260789984
768 -237595063182
769 260789984
770 130394992
771 74511424
772 211814507517
773 212749727352
774 123807208594
775 174185684570
776 21700872
777 43127090742
778 69402539044
779 204906416
780 93139280
781 242162128
782 279417840
783 353929264
784 391184976
785 88024402161
786 -166440541999
787 93612070485
788 170797054936
789 3211759902
790 428440688
791 74511424
792 55883568
793 -10969747448
794 0
795 44041753311
796 15390160768
797 49163528
798 169247961752
799 -225585817047
800 -224384243269
801 -171770499626
802 -15875560511
803 0
804 -64538209177
805 18627856
806 -51055745072
807 119435255593
808 -260025233577
809 -4266928456
810 235230057648
811 261453627129
812 563255289
813 185103006312
814 -9845399262
815 18627856
816 -101127872178
817 74511424
818 149022848
819 -218560110958
820 93139280
821 -183606563121
822 -88444693240
823 1054638637
824 196492661
825 338793325
826 358723600
827 447068544
828 121608973672
829 -213233979143
830 0
831 0
832 74511424
833 111767136
834 111767136
835 148205400
836 230248980
837 523908450
838 125316
839 332770275
840 18627856
841 18627856
842 111767136
843 93139280
844 55883568
