Convolution
Square
Pool
layer: 0
0 0 -0.2016
0 1 -0.0032
0 2 -0.2048
0 3 -0.0608
0 4 -0.4736
0 5 0.2624
0 6 0.9088
0 7 0.4928
0 8 0.7008
0 9 -0.1664
0 10 -0.7424
0 11 -0.9024
0 12 -0.112
0 13 -0.2336
0 14 0.1696
0 15 -0.3904
0 16 0.2816
0 17 0.7232
0 18 0.8864
0 19 -0.2272
0 20 0.6336
0 21 0.08
0 22 0.2112
0 23 -0.5664
0 24 -0.6976
0 25 0.0064
0 26 0.2976
0 27 -0.08
0 28 0.3488
0 29 -0.0288
0 30 -0.4128
0 31 0.608
0 32 0.5824
0 33 0.5824
0 34 1.1968
0 35 0.48
0 36 -0.6208
0 37 -0.1888
0 38 0.0192
0 39 0.2912
0 40 1.0368
0 41 0.0128
0 42 0.2176
0 43 -0.96
0 44 -1.5872
0 45 -3.0048
0 46 -0.3008
0 47 0.9472
0 48 1.4592
0 49 0.5536
0 50 -0.0256
0 51 0.1728
0 52 -0.4672
0 53 -0.1728
0 54 0.0384
0 55 -1.1328
0 56 -0.9056
0 57 -1.8304
0 58 -2.7392
0 59 -0.9792
0 60 -0.3328
0 61 1.5392
0 62 0.5568
0 63 0.6432
0 64 0.1184
0 65 -0.3776
0 66 -0.1632
0 67 -0.176
0 68 -0.656
0 69 -0.5824
0 70 -1.6384
0 71 -2.624
0 72 0.2912
0 73 1.5264
0 74 1.056
0 75 -0.32
0 76 0.192
0 77 -0.0448
0 78 -0.032
0 79 0.3648
0 80 0.4672
0 81 -0.3488
0 82 0.3872
0 83 -0.3552
0 84 -3.0208
0 85 0.2944
0 86 1.776
0 87 1.4304
0 88 -1.2576
0 89 0.3072
0 90 -0.3776
0 91 0.1984
0 92 0.8288
0 93 1.2064
0 94 0.592
0 95 2.0736
0 96 -0.768
0 97 -2.7584
0 98 -0.8384
0 99 0.7424
0 100 -0.0288
0 101 -1.1872
0 102 -0.0064
0 103 -0.4
0 104 -0.448
0 105 -0.6496
0 106 1.0688
0 107 -0.4704
0 108 1.0016
0 109 -0.32
0 110 0.3392
0 111 -0.2912
0 112 0.8448
0 113 0.6304
0 114 -1.3056
0 115 -0.8864
0 116 -1.5136
0 117 0.0736
0 118 -0.5312
0 119 0.9792
0 120 1.3184
0 121 3.2512
0 122 1.2032
0 123 1.0912
0 124 0.5952
0 125 1.6384
0 126 0.656
0 127 0.1696
0 128 -0.0128
0 129 -0.6976
0 130 0.0448
0 131 -0.0576
0 132 -0.176
0 133 -0.2496
0 134 1.6128
0 135 0.4512
0 136 -0.2752
0 137 -1.1008
0 138 1.1616
0 139 0.1408
0 140 -1.2352
0 141 0.0992
0 142 -0.3712
0 143 -0.0032
0 144 -0.0672
0 145 -0.5632
0 146 -1.1776
0 147 -0.0256
0 148 -0.1856
0 149 -0.8224
0 150 -0.96
0 151 0.6816
0 152 0.3776
0 153 0.7456
0 154 0.2304
0 155 -0.3424
0 156 0.2112
0 157 -0.0416
0 158 -0.1792
0 159 -0.5024
0 160 -0.3456
0 161 -0.32
0 162 -0.1568
0 163 -0.8768
0 164 0.7232
0 165 0.1056
0 166 0.9056
0 167 0.7744
0 168 0.4256
0 169 -0.1568
0 170 0.0672
0 171 0.1088
0 172 -0.288
0 173 -0.1504
0 174 0.1344
0 175 0.0256
0 176 0.2624
0 177 0.0128
0 178 -0.08
0 179 0.0384
0 180 0
0 181 -0.0672
0 182 0.08
0 183 0.0096
0 184 0.0544
0 185 0.0896
0 186 -0.0992
0 187 0.1376
0 188 -0.1792
0 189 -0.0256
0 190 -0.0672
0 191 -0.0576
0 192 0.1216
0 193 -0.0768
0 194 -0.0576
0 195 -0.2176
0 196 0.112
0 197 0.0192
0 198 -0.112
0 199 -0.0224
0 200 -0.1824
0 201 0.2112
0 202 -0.1568
0 203 -0.2592
0 204 -0.1984
0 205 0.0416
0 206 -0.1504
0 207 0.1184
0 208 -0.0192
0 209 0.1568
0 210 0.5216
0 211 0.1792
0 212 -0.3104
0 213 0.1216
0 214 0.2944
0 215 -0.1856
0 216 0.1568
0 217 -0.1472
0 218 -0.0128
0 219 -0.1344
0 220 -0.1472
0 221 -0.224
0 222 -0.2592
0 223 0.2176
0 224 0.0512
0 225 -0.2208
0 226 0.3904
0 227 -0.4096
0 228 -0.0096
0 229 -0.4448
0 230 -0.2368
0 231 0.0704
0 232 -0.0896
0 233 0.272
0 234 0.1184
0 235 0.0224
0 236 0.1152
0 237 0.0288
0 238 0.32
0 239 -0.144
0 240 -0.304
0 241 0.0544
0 242 -0.3072
0 243 0.24
0 244 -0.0128
0 245 -0.032
0 246 -0.0832
0 247 -0.192
0 248 -0.0448
0 249 -0.1472
0 250 0.2624
0 251 0.2016
0 252 0.08
0 253 0.32
0 254 -0.1088
0 255 0.4224
0 256 0.0192
0 257 0.1696
0 258 -0.0416
0 259 -0.0832
0 260 -0.144
0 261 0.1952
0 262 -0.0256
0 263 0.1952
0 264 -0.0864
0 265 -0.0032
0 266 -0.032
0 267 0.3168
0 268 0.0032
0 269 -0.1024
0 270 -0.224
0 271 0.0192
0 272 0.0032
0 273 0.1792
0 274 -0.048
0 275 0.576
0 276 0.0768
0 277 0.1088
0 278 0.1184
0 279 -0.208
0 280 0.272
0 281 -0.1184
0 282 -0.016
0 283 -0.2528
0 284 0.176
0 285 0.0832
0 286 -0.0256
0 287 -0.2944
0 288 0.0224
0 289 -0.288
0 290 -0.112
0 291 0.2464
0 292 0.1088
0 293 -0.2368
0 294 -0.2432
0 295 -0.0544
0 296 -0.16
0 297 -0.0608
0 298 -0.0064
0 299 0.112
0 300 -0.032
0 301 0.1344
0 302 0.0896
0 303 -0.1056
0 304 -0.1024
0 305 0.1184
0 306 -0.0288
0 307 0.0576
0 308 -0.0768
0 309 0.0032
0 310 -0.016
0 311 0.0448
0 312 0.0128
0 313 -0.0544
0 314 0.064
0 315 -0.192
0 316 -0.0224
0 317 -0.1696
0 318 -0.032
0 319 -0.0032
0 320 0.0352
0 321 -0.048
0 322 -0.0608
0 323 0.048
0 324 0.2144
0 325 0.0352
0 326 -0.032
0 327 0.0672
0 328 0.1376
0 329 -0.1888
0 330 0.1024
0 331 -0.0576
0 332 -0.0064
0 333 0.1632
0 334 0.1312
0 335 -0.0672
0 336 0.0032
0 337 -0.0352
0 338 0.0352
0 339 -0.4864
0 340 -0.624
0 341 -0.6272
0 342 -0.2208
0 343 -0.272
0 344 -0.0544
0 345 -0.2912
0 346 0.0768
0 347 0.5248
0 348 0.8192
0 349 0.6208
0 350 0.2752
0 351 -0.9888
0 352 -0.2016
0 353 -0.0256
0 354 -0.816
0 355 -0.4736
0 356 -0.1728
0 357 -0.4128
0 358 1.104
0 359 1.5296
0 360 0.5344
0 361 0.2592
0 362 0.352
0 363 -0.0128
0 364 0.1952
0 365 0.4512
0 366 0.0512
0 367 -0.592
0 368 -0.4416
0 369 -1.2448
0 370 0.304
0 371 0.192
0 372 -0.6464
0 373 -0.2144
0 374 -0.5888
0 375 -0.0864
0 376 0.416
0 377 0.8768
0 378 1.0944
0 379 0.8864
0 380 0.9408
0 381 -0.2176
0 382 0.2848
0 383 -0.608
0 384 -0.7552
0 385 0.0896
0 386 0.944
0 387 1.5968
0 388 0.6176
0 389 -0.144
0 390 0.2336
0 391 0.4096
0 392 -0.1824
0 393 0.3072
0 394 0.7744
0 395 0.0416
0 396 -0.4896
0 397 -0.7552
0 398 -1.9616
0 399 -0.5536
0 400 0.3744
0 401 -0.3968
0 402 -0.7072
0 403 -0.4416
0 404 -0.2176
0 405 0.624
0 406 0.7392
0 407 0.6944
0 408 -0.0768
0 409 0.4352
0 410 0.032
0 411 -0.5632
0 412 -1.3984
0 413 -0.7616
0 414 -0.7616
0 415 -0.7328
0 416 0.3488
0 417 0.992
0 418 1.5328
0 419 1.408
0 420 1.5936
0 421 0.72
0 422 -0.1824
0 423 -0.5024
0 424 -1.1232
0 425 -2.2336
0 426 -0.896
0 427 -0.1216
0 428 -0.3136
0 429 0.2592
0 430 -0.144
0 431 -0.592
0 432 -0.5248
0 433 -0.3264
0 434 -0.3136
0 435 0.1952
0 436 -0.4608
0 437 0.112
0 438 -0.672
0 439 -0.096
0 440 -0.2976
0 441 -0.0448
0 442 0.0928
0 443 0.3712
0 444 -0.0192
0 445 0.5024
0 446 0.6048
0 447 -1.2448
0 448 0.0224
0 449 1.136
0 450 2.1696
0 451 0.8832
0 452 0.1024
0 453 1.2256
0 454 0.464
0 455 0.4928
0 456 0.592
0 457 0.3488
0 458 1.3344
0 459 1.3216
0 460 0.4896
0 461 -0.736
0 462 -1.4784
0 463 -0.544
0 464 -0.5728
0 465 -0.3392
0 466 -0.5408
0 467 0.224
0 468 -0.0896
0 469 -0.4096
0 470 -0.3168
0 471 0.0896
0 472 1.488
0 473 1.2576
0 474 -0.2368
0 475 -1.136
0 476 -0.3456
0 477 0.032
0 478 0.096
0 479 0.0192
0 480 -0.1984
0 481 -0.08
0 482 -0.8896
0 483 -1.3376
0 484 -0.9536
0 485 -0.6112
0 486 -0.1376
0 487 -0.0416
0 488 0.448
0 489 0.432
0 490 0.4224
0 491 -0.032
0 492 -0.192
0 493 0.0512
0 494 -0.3584
0 495 -0.0576
0 496 0.1408
0 497 -1.2288
0 498 -1.4272
0 499 0.0256
0 500 0.5856
0 501 -0.096
0 502 0.0416
0 503 1.0176
0 504 0.4832
0 505 -0.2528
0 506 0.1408
0 507 -0.24
0 508 -0.0096
0 509 -0.0256
0 510 0.2112
0 511 -0.3904
0 512 0.1728
0 513 -0.6432
0 514 -0.7008
0 515 -1.1776
0 516 0.1536
0 517 -0.0352
0 518 0.2048
0 519 0.1216
0 520 0.2656
0 521 -0.1312
0 522 0.0992
0 523 0.2016
0 524 -0.7008
0 525 -0.8032
0 526 -1.3088
0 527 -1.136
0 528 0.2336
0 529 0.0672
0 530 0.864
0 531 0.5024
0 532 -0.6016
0 533 0.1888
0 534 0.0576
0 535 -0.288
0 536 0.0256
0 537 -1.4976
0 538 -1.8656
0 539 -1.0752
0 540 0.4096
0 541 1.248
0 542 1.0144
0 543 0.6816
0 544 0.1856
0 545 -0.3712
0 546 -0.192
0 547 0.0544
0 548 0.0384
0 549 -1.072
0 550 -2.6208
0 551 -1.2224
0 552 0.208
0 553 0.688
0 554 1.264
0 555 1.1776
0 556 0.4448
0 557 -0.0416
0 558 -0.5024
0 559 0.2624
0 560 -1.0752
0 561 -0.6944
0 562 -0.4192
0 563 0.0224
0 564 0.4608
0 565 1.12
0 566 1.9072
0 567 1.0176
0 568 0.6848
0 569 0.1216
0 570 0.0096
0 571 0.1568
0 572 -0.0576
0 573 0.0064
0 574 -0.0128
0 575 -0.608
0 576 -0.4192
0 577 -0.672
0 578 0.4768
0 579 -0.1024
0 580 -1.4432
0 581 0.672
0 582 0.1856
0 583 0.2208
0 584 0.1248
0 585 -1.008
0 586 0.3712
0 587 0.688
0 588 0.0544
0 589 0.8576
0 590 -0.0896
0 591 0.3456
0 592 -0.6624
0 593 -0.3424
0 594 0.3392
0 595 0.464
0 596 0.2688
0 597 0.4096
0 598 0
0 599 -0.1888
0 600 1.7728
0 601 0.2016
0 602 1.5168
0 603 -0.1664
0 604 0.192
0 605 -0.9504
0 606 0.672
0 607 0.6048
0 608 1.104
0 609 -0.0352
0 610 0.0384
0 611 0.4672
0 612 0.304
0 613 -0.0224
0 614 1.3344
0 615 -0.4128
0 616 -1.1072
0 617 -0.6016
0 618 -0.1888
0 619 1.4112
0 620 1.12
0 621 -0.0512
0 622 -0.7328
0 623 -0.24
0 624 -0.3456
0 625 1.088
0 626 0.6272
0 627 -0.5568
0 628 -1.2064
0 629 0.2688
0 630 -0.4896
0 631 -0.2528
0 632 -0.8192
0 633 0.5408
0 634 0.6176
0 635 0.7264
0 636 -0.5408
0 637 0.7552
0 638 0.2496
0 639 0.2176
0 640 -0.8224
0 641 -1.792
0 642 0.832
0 643 1.0464
0 644 -0.2816
0 645 -0.7392
0 646 1.3056
0 647 0.6848
0 648 0.2016
0 649 0.3104
0 650 0.1376
0 651 -0.1024
0 652 -0.384
0 653 0.2848
0 654 -0.2784
0 655 1.0688
0 656 1.0272
0 657 0.0576
0 658 0.1376
0 659 1.0432
0 660 0.6336
0 661 -0.192
0 662 0.2592
0 663 -0.08
0 664 0.0128
0 665 0.2112
0 666 0.064
0 667 -0.5376
0 668 0.9344
0 669 0.4512
0 670 0.0512
0 671 1.0624
0 672 0.672
0 673 -0.2816
0 674 -0.1856
0 675 0.2528
0 676 -0.0256
0 677 -0.5408
0 678 -0.1408
0 679 -0.624
0 680 0.0672
0 681 -0.9056
0 682 0.1216
0 683 0.5056
0 684 0.5632
0 685 0.592
0 686 -0.1984
0 687 -0.416
0 688 -0.5824
0 689 -0.3488
0 690 -0.32
0 691 0
0 692 0.0512
0 693 0.48
0 694 0.0032
0 695 0.2496
0 696 0.0512
0 697 1.2224
0 698 0.4096
0 699 0.2432
0 700 -0.7232
0 701 -0.624
0 702 0.6112
0 703 0.7552
0 704 2.2496
0 705 1.7888
0 706 2.3456
0 707 1.328
0 708 0.9216
0 709 -1.0656
0 710 -1.0912
0 711 -0.2048
0 712 0.2752
0 713 -0.24
0 714 -1.0912
0 715 -0.032
0 716 0.5984
0 717 1.7472
0 718 1.1968
0 719 1.0368
0 720 0.2624
0 721 -1.04
0 722 -2.8928
0 723 -2.6432
0 724 0.0224
0 725 -0.1504
0 726 1.7984
0 727 1.1104
0 728 0.0864
0 729 -0.0864
0 730 -0.1152
0 731 0.2048
0 732 0.3392
0 733 -1.5232
0 734 -1.5488
0 735 -0.9664
0 736 -0.464
0 737 1.024
0 738 0.9056
0 739 1.3792
0 740 1.312
0 741 0.3808
0 742 1.2512
0 743 -0.3616
0 744 -0.2464
0 745 -0.9984
0 746 -1.9808
0 747 -1.7152
0 748 -1.1072
0 749 -2.56
0 750 -1.1936
0 751 0.1536
0 752 0.0064
0 753 0.8576
0 754 0.0032
0 755 0.1056
0 756 -0.528
0 757 -1.856
0 758 -0.0928
0 759 0.2368
0 760 -0.3264
0 761 -0.3136
0 762 -1.6864
0 763 -1.3408
0 764 -0.4576
0 765 -0.7072
0 766 1.0656
0 767 0.9344
0 768 -0.2112
0 769 0.88
0 770 0.4416
0 771 0.2944
0 772 -0.0992
0 773 -1.7792
0 774 -2.864
0 775 -2.464
0 776 0.1376
0 777 -0.4384
0 778 -0.6464
0 779 0.6912
0 780 0.3328
0 781 0.8224
0 782 0.9504
0 783 1.2288
0 784 1.36
0 785 -0.48
0 786 -2.9632
0 787 -2.7648
0 788 -2.7648
0 789 -1.328
0 790 1.4976
0 791 0.3072
0 792 0.2432
0 793 -0.7776
0 794 -0.0224
0 795 -1.056
0 796 -0.192
0 797 0.1568
0 798 -2.176
0 799 -1.3056
0 800 -0.672
0 801 -0.3744
0 802 -0.352
0 803 0
0 804 -0.9184
0 805 0.1184
0 806 -0.368
0 807 -1.1968
0 808 -0.368
0 809 -1.2256
0 810 -1.472
0 811 -1.3632
0 812 0.5696
0 813 -0.1536
0 814 -0.8736
0 815 0.096
0 816 -0.56
0 817 0.2784
0 818 0.5248
0 819 -0.2752
0 820 0.3744
0 821 -0.4608
0 822 -0.912
0 823 0.832
0 824 1.84
0 825 0.8512
0 826 1.6128
0 827 1.5104
0 828 -0.2624
0 829 -0.5152
0 830 0
0 831 0.0128
0 832 0.272
0 833 0.3872
0 834 0.4224
0 835 0.432
0 836 1.2928
0 837 1.1424
0 838 0.5952
0 839 1.232
0 840 0.1088
0 841 0.0704
0 842 0.4288
0 843 0.3392
0 844 0.1984
layer: 1
1 0 -0.1696
1 1 -0.0576
1 2 -0.1984
1 3 -0.4224
1 4 -0.8384
1 5 0.2752
1 6 0.0864
1 7 0.2112
1 8 0.6048
1 9 0.608
1 10 0.32
1 11 -0.2528
1 12 -0.6176
1 13 0.2304
1 14 -0.2336
1 15 0.5536
1 16 -0.272
1 17 -0.5792
1 18 -0.2656
1 19 -0.2272
1 20 -0.2592
1 21 0.6528
1 22 -0.1184
1 23 0.4288
1 24 -0.0352
1 25 -1.0112
1 26 0.448
1 27 0.2112
1 28 -0.2944
1 29 -0.3488
1 30 -1.4944
1 31 -0.7296
1 32 -0.8
1 33 -1.0112
1 34 0.2656
1 35 0.256
1 36 0.7168
1 37 0.0128
1 38 -0.7488
1 39 0.528
1 40 0.4576
1 41 0.064
1 42 -0.2624
1 43 -1.6352
1 44 -0.4
1 45 -1.6256
1 46 -1.1968
1 47 0.1088
1 48 0.3872
1 49 0.7968
1 50 0.0192
1 51 -0.7904
1 52 0.2784
1 53 -0.1024
1 54 -0.08
1 55 0.4128
1 56 0.2432
1 57 0.3744
1 58 0.4128
1 59 -0.5248
1 60 0.4288
1 61 -0.1824
1 62 1.8656
1 63 1.6192
1 64 0.1664
1 65 -0.096
1 66 -0.1248
1 67 -0.0256
1 68 0.976
1 69 1.1808
1 70 0.0768
1 71 -1.1392
1 72 -1.6288
1 73 -0.0608
1 74 0.3008
1 75 0.5824
1 76 -0.2368
1 77 -0.1088
1 78 0.1632
1 79 -0.5248
1 80 0.9664
1 81 -0.2496
1 82 1.008
1 83 -0.2752
1 84 -1.0528
1 85 -0.9184
1 86 1.0976
1 87 -0.7776
1 88 0.7424
1 89 -0.8544
1 90 -0.5568
1 91 0.4352
1 92 -0.192
1 93 0.272
1 94 0.72
1 95 0.896
1 96 0.048
1 97 -1.9008
1 98 -1.5232
1 99 0.064
1 100 -1.3408
1 101 -1.3696
1 102 -0.7968
1 103 -0.7072
1 104 0.2016
1 105 0.3968
1 106 -0.2144
1 107 0.5408
1 108 1.6768
1 109 1.8624
1 110 0.3328
1 111 0.8736
1 112 1.1936
1 113 0.1408
1 114 0.2272
1 115 -1.0496
1 116 -1.312
1 117 -1.1776
1 118 -0.2624
1 119 -0.3296
1 120 0.0736
1 121 0.0992
1 122 -0.2912
1 123 -0.4416
1 124 0.3072
1 125 0.2432
1 126 1.8496
1 127 0.2944
1 128 -0.0256
1 129 -0.0672
1 130 -0.16
1 131 -0.3712
1 132 0.4672
1 133 0.672
1 134 0.9984
1 135 0.224
1 136 0.1024
1 137 1.6544
1 138 0.3936
1 139 1.3664
1 140 0.2592
1 141 -0.3104
1 142 -0.6944
1 143 0.0416
1 144 0.4032
1 145 0.2208
1 146 -0.1696
1 147 -0.5504
1 148 -1.1552
1 149 -0.064
1 150 0.5248
1 151 0.0032
1 152 0.9312
1 153 0.72
1 154 0.6048
1 155 0.3616
1 156 -0.304
1 157 -0.016
1 158 0.032
1 159 0.3008
1 160 -0.1152
1 161 -0.816
1 162 -0.0064
1 163 -0.64
1 164 -0.0192
1 165 -0.7552
1 166 0.2048
1 167 -0.2048
1 168 -0.0224
1 169 0.0352
1 170 0.0384
1 171 0.112
1 172 -0.096
1 173 0.0128
1 174 -0.0096
1 175 -0.0768
1 176 0.1568
1 177 -0.0768
1 178 -0.0352
1 179 -0.0096
1 180 0.0128
1 181 -0.1504
1 182 0.1504
1 183 0.1088
1 184 -0.0544
1 185 0.2176
1 186 0.0416
1 187 -0.016
1 188 -0.1856
1 189 -0.2784
1 190 -0.0896
1 191 -0.1088
1 192 -0.0672
1 193 -0.0416
1 194 0.0416
1 195 -0.048
1 196 0.1536
1 197 -0.1568
1 198 -0.2144
1 199 0.2528
1 200 0.1472
1 201 0.1856
1 202 -0.1248
1 203 0.3264
1 204 0.08
1 205 0.3008
1 206 -0.0128
1 207 0.0352
1 208 -0.016
1 209 0.1056
1 210 -0.0448
1 211 0.1216
1 212 0.3968
1 213 -0.048
1 214 -0.1504
1 215 -0.1568
1 216 -0.1632
1 217 -0.2144
1 218 -0.0416
1 219 0
1 220 -0.0768
1 221 -0.0896
1 222 -0.08
1 223 -0.0928
1 224 0.096
1 225 -0.3264
1 226 0.1056
1 227 -0.2176
1 228 0.1856
1 229 0.1568
1 230 -0.0832
1 231 0.1152
1 232 0.1632
1 233 -0.0128
1 234 0.1984
1 235 -0.016
1 236 0.1504
1 237 0.288
1 238 -0.0608
1 239 0.0224
1 240 -0.32
1 241 0.2144
1 242 0.2304
1 243 -0.224
1 244 -0.032
1 245 -0.0608
1 246 -0.0256
1 247 -0.1888
1 248 -0.2304
1 249 0.2336
1 250 -0.2432
1 251 0.0448
1 252 -0.0992
1 253 0.0128
1 254 0.0736
1 255 0.0224
1 256 0.1216
1 257 -0.512
1 258 0.0544
1 259 0.0416
1 260 -0.064
1 261 0.1024
1 262 0.08
1 263 -0.3072
1 264 -0.24
1 265 -0.224
1 266 -0.0384
1 267 -0.3328
1 268 -0.1024
1 269 0.3264
1 270 -0.5536
1 271 -0.0352
1 272 -0.0256
1 273 0.0608
1 274 -0.0416
1 275 0.0864
1 276 0.2016
1 277 -0.128
1 278 -0.1632
1 279 -0.2176
1 280 0.3936
1 281 0.32
1 282 -0.0128
1 283 0.2816
1 284 0.1088
1 285 -0.16
1 286 -0.048
1 287 0.1888
1 288 0.1184
1 289 0.1088
1 290 0.0416
1 291 0.0576
1 292 0.1568
1 293 0.0672
1 294 -0.16
1 295 -0.0256
1 296 -0.048
1 297 -0.032
1 298 0.1344
1 299 -0.08
1 300 0.0384
1 301 0.2336
1 302 -0.0192
1 303 -0.0416
1 304 0.1536
1 305 0.064
1 306 0.2336
1 307 0.0928
1 308 0.2944
1 309 -0.0288
1 310 0.2048
1 311 -0.0832
1 312 -0.1088
1 313 -0.1088
1 314 0.0096
1 315 -0.0096
1 316 -0.0288
1 317 0.0736
1 318 -0.1568
1 319 -0.0224
1 320 -0.2048
1 321 -0.1056
1 322 -0.0704
1 323 -0.0096
1 324 -0.096
1 325 -0.1088
1 326 -0.0288
1 327 -0.0224
1 328 0.064
1 329 -0.1312
1 330 0.0352
1 331 0.1696
1 332 0.1024
1 333 -0.0832
1 334 -0.08
1 335 -0.0544
1 336 0.0288
1 337 -0.016
1 338 0.0576
1 339 0.4704
1 340 0.3072
1 341 0.0032
1 342 0.2432
1 343 -0.544
1 344 -0.2016
1 345 0.7552
1 346 0.3712
1 347 0.432
1 348 0.5376
1 349 0.3488
1 350 0.512
1 351 0.4288
1 352 -0.048
1 353 -0.288
1 354 -0.016
1 355 -0.7232
1 356 0.2752
1 357 0.1664
1 358 0.336
1 359 0.8544
1 360 -0.0512
1 361 0.4736
1 362 1.0272
1 363 0.4256
1 364 -0.576
1 365 -1.024
1 366 -1.2576
1 367 -0.7392
1 368 0.2496
1 369 1.4848
1 370 1.3984
1 371 0.4096
1 372 -1.472
1 373 -1.4176
1 374 -0.2592
1 375 0.1376
1 376 -0.2208
1 377 -0.4608
1 378 -0.32
1 379 -0.1248
1 380 0.1824
1 381 1.3504
1 382 -0.0704
1 383 -0.192
1 384 1.2832
1 385 0.0544
1 386 -1.76
1 387 -1.3568
1 388 -1.3472
1 389 -0.1344
1 390 0.2592
1 391 1.3216
1 392 -0.144
1 393 -1.184
1 394 -1.4848
1 395 -0.7872
1 396 -0.8704
1 397 1.2576
1 398 0.56
1 399 -1.1296
1 400 -0.368
1 401 0.1344
1 402 -0.8
1 403 0.2976
1 404 -0.8256
1 405 -1.6256
1 406 -0.9184
1 407 -1.328
1 408 -0.1856
1 409 -0.0128
1 410 -0.0512
1 411 -0.1408
1 412 -0.8032
1 413 -0.7552
1 414 -1.0592
1 415 -0.848
1 416 0.336
1 417 0.1376
1 418 -0.208
1 419 -0.2816
1 420 -1.0656
1 421 -0.3392
1 422 -0.32
1 423 -0.9408
1 424 0.1632
1 425 -0.1664
1 426 0.4768
1 427 0.352
1 428 0.0224
1 429 0.5312
1 430 0.9792
1 431 -0.2624
1 432 0.0736
1 433 -0.1984
1 434 0.6496
1 435 0.304
1 436 0.4032
1 437 0.64
1 438 1.072
1 439 1.104
1 440 1.2448
1 441 0.576
1 442 -0.5568
1 443 -0.1568
1 444 0.1056
1 445 -0.544
1 446 -0.7968
1 447 -1.9904
1 448 -0.048
1 449 -0.0928
1 450 0.2656
1 451 -0.9568
1 452 0.2688
1 453 -0.0256
1 454 -0.0384
1 455 -0.4128
1 456 -0.7456
1 457 -0.6432
1 458 -0.4448
1 459 0.4224
1 460 0.0736
1 461 0.1088
1 462 -0.304
1 463 -0.2144
1 464 -1.2864
1 465 -0.96
1 466 -0.512
1 467 -0.416
1 468 0.2336
1 469 0.5056
1 470 1.376
1 471 1.488
1 472 1.5936
1 473 1.0976
1 474 -0.9632
1 475 -1.2736
1 476 -0.2976
1 477 -0.5536
1 478 -0.2336
1 479 0.0864
1 480 -0.1888
1 481 0.1792
1 482 0.192
1 483 -0.928
1 484 -0.208
1 485 -0.368
1 486 -0.0192
1 487 -0.4416
1 488 -0.1088
1 489 0.0992
1 490 0.1472
1 491 0.6784
1 492 0.3808
1 493 0.1632
1 494 0.6912
1 495 0.3424
1 496 -0.1952
1 497 -0.016
1 498 -0.3008
1 499 -0.2752
1 500 0.864
1 501 -0.0608
1 502 0.3776
1 503 0.992
1 504 0.48
1 505 0.2944
1 506 -0.0128
1 507 0.1568
1 508 -0.4032
1 509 -0.3968
1 510 0.2336
1 511 -0.6016
1 512 -0.2304
1 513 0.352
1 514 0.08
1 515 -1.2864
1 516 -0.9312
1 517 -0.2528
1 518 -0.2304
1 519 -0.6336
1 520 -0.272
1 521 -0.6464
1 522 -0.3872
1 523 0.672
1 524 -0.0576
1 525 0.1248
1 526 0.4448
1 527 0.3552
1 528 -1.4528
1 529 -0.3008
1 530 -0.3616
1 531 -0.1632
1 532 0.1792
1 533 -1.1328
1 534 0.0672
1 535 0.0928
1 536 -0.6048
1 537 1.3984
1 538 0.8448
1 539 0.2304
1 540 0.048
1 541 0.8832
1 542 0.7776
1 543 0.912
1 544 0.1344
1 545 0.5024
1 546 -0.64
1 547 0.7744
1 548 0.2208
1 549 1.5104
1 550 2.1888
1 551 1.8016
1 552 0.8928
1 553 0.8864
1 554 0.9408
1 555 -0.016
1 556 1.1008
1 557 0.1824
1 558 0.0192
1 559 0.256
1 560 1.1648
1 561 0.3264
1 562 1.6064
1 563 2.8544
1 564 0.3456
1 565 0.3872
1 566 0.3392
1 567 1.2768
1 568 0.6176
1 569 -0.4032
1 570 -0.2656
1 571 -0.2272
1 572 0.4384
1 573 0.192
1 574 -0.3104
1 575 0.4672
1 576 0.3968
1 577 0.5504
1 578 -1.1936
1 579 -0.5408
1 580 -0.1152
1 581 0.9472
1 582 -1.3728
1 583 -0.7296
1 584 0.0192
1 585 0.1088
1 586 0.4896
1 587 0.4256
1 588 -0.064
1 589 1.3984
1 590 -0.9408
1 591 -1.4304
1 592 0.1536
1 593 0.6112
1 594 -0.3712
1 595 -1.6864
1 596 -0.2976
1 597 -0.0288
1 598 -0.0864
1 599 0.9728
1 600 0.0992
1 601 -0.0736
1 602 -0.7584
1 603 -0.128
1 604 -0.7008
1 605 1.0336
1 606 0.272
1 607 0.4224
1 608 -1.584
1 609 -0.6112
1 610 0.3136
1 611 0.4864
1 612 0.896
1 613 0.224
1 614 1.0272
1 615 -1.264
1 616 0.9056
1 617 -1.4848
1 618 -0.5664
1 619 -1.1264
1 620 -0.6176
1 621 -0.2432
1 622 -0.24
1 623 0.7936
1 624 -0.0064
1 625 0.2176
1 626 0.2496
1 627 -2.2784
1 628 -1.7696
1 629 0.0352
1 630 0.0864
1 631 0.7232
1 632 -0.2592
1 633 0.192
1 634 -0.2656
1 635 -0.0864
1 636 0.496
1 637 -0.192
1 638 -0.4352
1 639 -0.5216
1 640 -1.1648
1 641 -0.9856
1 642 1.3312
1 643 0.8096
1 644 1.3024
1 645 -0.464
1 646 -0.4096
1 647 0.5248
1 648 0.4192
1 649 0.336
1 650 -0.064
1 651 0.3904
1 652 -0.8832
1 653 -0.4096
1 654 0.4576
1 655 1.2416
1 656 1.3952
1 657 0.3296
1 658 -0.7488
1 659 -0.4544
1 660 -0.0576
1 661 0.192
1 662 -0.4672
1 663 -0.2624
1 664 -0.016
1 665 -0.0864
1 666 0.0288
1 667 0.9664
1 668 1.6416
1 669 0.8896
1 670 0.9248
1 671 -0.5312
1 672 -0.4896
1 673 0.1728
1 674 0.1056
1 675 -0.336
1 676 -0.3072
1 677 -0.4768
1 678 0.368
1 679 0.032
1 680 0.576
1 681 -0.272
1 682 0.5248
1 683 -0.064
1 684 0.8288
1 685 -0.2144
1 686 0.0256
1 687 -0.3616
1 688 -0.1856
1 689 -0.2048
1 690 -0.1344
1 691 0.4096
1 692 0.3392
1 693 0.304
1 694 -0.1728
1 695 -0.5632
1 696 0.2944
1 697 0.6784
1 698 -0.32
1 699 0.096
1 700 -0.592
1 701 -0.7872
1 702 -0.3424
1 703 -0.88
1 704 -0.4096
1 705 -1.3312
1 706 -0.8224
1 707 -1.3888
1 708 -1.2672
1 709 0.8128
1 710 2.272
1 711 1.7152
1 712 0.944
1 713 0.2272
1 714 -0.1664
1 715 0.3104
1 716 0.1728
1 717 -1.7408
1 718 -0.3296
1 719 -3.7088
1 720 -3.6224
1 721 -1.152
1 722 -0.0064
1 723 0.7968
1 724 0.992
1 725 1.0528
1 726 -0.2912
1 727 0.0384
1 728 0.7296
1 729 0.9408
1 730 0.5856
1 731 1.152
1 732 0.8352
1 733 -0.7456
1 734 0.8448
1 735 -0.368
1 736 -0.2176
1 737 0.5984
1 738 0.1728
1 739 -0.544
1 740 -0.2688
1 741 -0.4704
1 742 -0.3392
1 743 0.08
1 744 0.8
1 745 0.8544
1 746 1.2256
1 747 1.0944
1 748 -0.2528
1 749 -0.2592
1 750 -0.8288
1 751 -1.0176
1 752 -0.8096
1 753 -0.5792
1 754 -0.3616
1 755 0.2304
1 756 -0.5856
1 757 0.5952
1 758 2.5216
1 759 3.568
1 760 4.2528
1 761 0.592
1 762 -1.4336
1 763 -3.4656
1 764 -2.3648
1 765 -0.6176
1 766 -1.3248
1 767 -0.1216
1 768 -0.8384
1 769 -0.9696
1 770 0.7904
1 771 1.232
1 772 0.9952
1 773 0.624
1 774 -0.7744
1 775 -0.5888
1 776 -0.6016
1 777 0.6304
1 778 0.0288
1 779 0
1 780 -0.8096
1 781 -1.376
1 782 -0.6624
1 783 -0.4704
1 784 -0.4224
1 785 -0.8896
1 786 -1.1136
1 787 -0.832
1 788 -1.6064
1 789 -0.8768
1 790 -0.4032
1 791 -0.464
1 792 0.2496
1 793 -0.8736
1 794 -0.5856
1 795 -0.1408
1 796 0.624
1 797 -0.0256
1 798 -1.2928
1 799 0.5376
1 800 -1.0144
1 801 -2.112
1 802 -1.3088
1 803 0.416
1 804 1.0208
1 805 0.7136
1 806 -0.1248
1 807 -0.7392
1 808 -0.1504
1 809 -0.1696
1 810 -0.1024
1 811 -0.6176
1 812 1.3728
1 813 -0.2912
1 814 -1.7312
1 815 -1.6256
1 816 -1.0112
1 817 0.2432
1 818 0.9504
1 819 -0.72
1 820 -0.064
1 821 -0.7456
1 822 -1.2
1 823 -1.5072
1 824 -1.5872
1 825 0.208
1 826 2.5728
1 827 1.0816
1 828 0.8736
1 829 -0.1312
1 830 -0.9408
1 831 0.0832
1 832 0.1952
1 833 -0.0096
1 834 0.3264
1 835 0.7808
1 836 0.5952
1 837 0.6176
1 838 1.3088
1 839 2.1056
1 840 1.792
1 841 0.8544
1 842 0.1664
1 843 -0.208
1 844 -0.2144
layer: 2
2 0 0.1504
2 1 -0.368
2 2 -0.016
2 3 -0.5952
2 4 0.112
2 5 -0.448
2 6 0.2752
2 7 0.0032
2 8 1.5552
2 9 0.4416
2 10 -0.672
2 11 0.3872
2 12 -0.5472
2 13 0.2304
2 14 -0.0896
2 15 -0.0256
2 16 -0.7584
2 17 0.1824
2 18 -1.216
2 19 -0.8352
2 20 -0.3264
2 21 0.9408
2 22 1.104
2 23 -0.1312
2 24 0.96
2 25 -0.1824
2 26 0.2112
2 27 0.2944
2 28 -0.2592
2 29 -0.3104
2 30 -0.4928
2 31 -1.1616
2 32 -1.2768
2 33 -1.7472
2 34 0.6176
2 35 -0.9632
2 36 -0.4832
2 37 1.0912
2 38 0.0928
2 39 0.2912
2 40 0.0096
2 41 0.3488
2 42 0.5504
2 43 -0.256
2 44 -1.488
2 45 -1.1136
2 46 -1.7504
2 47 0.1248
2 48 0.0768
2 49 0.0544
2 50 0.6016
2 51 0.5536
2 52 -0.5056
2 53 -0.3584
2 54 0.3552
2 55 0.0192
2 56 1.4272
2 57 0.3456
2 58 -0.0384
2 59 0.5472
2 60 -0.1728
2 61 -1.184
2 62 -1.28
2 63 -0.8576
2 64 0.192
2 65 -0.4864
2 66 -0.736
2 67 -0.8064
2 68 -0.7136
2 69 -0.2592
2 70 1.9392
2 71 2.6656
2 72 1.2896
2 73 -0.256
2 74 -0.48
2 75 -0.5216
2 76 -0.4384
2 77 0.3776
2 78 -0.352
2 79 -0.144
2 80 -0.2848
2 81 -0.592
2 82 1.1744
2 83 1.2992
2 84 2.4768
2 85 3.3024
2 86 1.2576
2 87 -0.4288
2 88 0.1376
2 89 -0.1984
2 90 0.1056
2 91 0.4448
2 92 0.1856
2 93 -0.4576
2 94 -1.0624
2 95 -0.0256
2 96 -0.032
2 97 1.4944
2 98 1.6256
2 99 0.9216
2 100 -1.1712
2 101 0.0096
2 102 0.0384
2 103 0.6176
2 104 -0.0512
2 105 0.704
2 106 -0.688
2 107 -0.4896
2 108 -0.4736
2 109 -1.8752
2 110 1.152
2 111 -0.2656
2 112 -0.416
2 113 -0.544
2 114 0.8608
2 115 0.6624
2 116 1.5104
2 117 0.2048
2 118 0.4032
2 119 -0.2368
2 120 -0.1952
2 121 0.3072
2 122 -0.6976
2 123 1.0592
2 124 -0.304
2 125 -0.1632
2 126 -0.2624
2 127 -0.2016
2 128 -0.0064
2 129 0.8416
2 130 0
2 131 -0.0448
2 132 -1.1808
2 133 -0.6528
2 134 -0.6912
2 135 -0.144
2 136 -0.016
2 137 -0.112
2 138 0.2784
2 139 -0.3808
2 140 -0.624
2 141 -0.9344
2 142 -0.3616
2 143 0.3232
2 144 0.3904
2 145 -0.336
2 146 -0.6176
2 147 -0.1184
2 148 -0.0096
2 149 0.7584
2 150 -0.7104
2 151 -0.3136
2 152 -0.352
2 153 -0.368
2 154 -0.2528
2 155 0.1344
2 156 -0.1056
2 157 -0.0416
2 158 -0.3008
2 159 -0.208
2 160 0.256
2 161 -0.1216
2 162 0.6944
2 163 0.128
2 164 0.176
2 165 -0.6784
2 166 -0.3936
2 167 -0.3264
2 168 -0.4768
2 169 -0.0672
2 170 -0.0704
2 171 0.0992
2 172 -0.2496
2 173 -0.0416
2 174 0.128
2 175 0.0864
2 176 0.016
2 177 -0.1024
2 178 -0.096
2 179 0.1952
2 180 -0.1856
2 181 -0.0608
2 182 0.1088
2 183 -0.2208
2 184 -0.1056
2 185 0.1408
2 186 0.0704
2 187 -0.2496
2 188 -0.2368
2 189 -0.0736
2 190 0.1152
2 191 -0.0992
2 192 0.1248
2 193 -0.016
2 194 -0.0096
2 195 -0.0192
2 196 -0.0256
2 197 0.0128
2 198 -0.2528
2 199 0.4192
2 200 -0.112
2 201 0.1472
2 202 -0.0992
2 203 0.2176
2 204 -0.1216
2 205 0.2208
2 206 -0.1568
2 207 -0.0544
2 208 0.1856
2 209 0.0288
2 210 0.3136
2 211 -0.1952
2 212 0.016
2 213 0.2048
2 214 -0.0224
2 215 -0.1984
2 216 0.016
2 217 -0.0608
2 218 0.16
2 219 0.0576
2 220 -0.2304
2 221 0.0128
2 222 0.1632
2 223 -0.0512
2 224 0.0032
2 225 0.2016
2 226 -0.2688
2 227 0.096
2 228 0.0352
2 229 -0.4928
2 230 0.0352
2 231 -0.1024
2 232 -0.064
2 233 0.032
2 234 -0.0992
2 235 0.048
2 236 -0.1216
2 237 -0.0576
2 238 0.2144
2 239 -0.368
2 240 -0.1888
2 241 0.3104
2 242 -0.0608
2 243 -0.2048
2 244 -0.0736
2 245 -0.0704
2 246 0.0288
2 247 0.1472
2 248 -0.0256
2 249 0.2144
2 250 -0.4288
2 251 0.272
2 252 -0.4512
2 253 0.2464
2 254 -0.2048
2 255 -0.1056
2 256 0.128
2 257 0.0128
2 258 0.2656
2 259 -0.0704
2 260 0.1952
2 261 -0.0672
2 262 -0.0288
2 263 0.0128
2 264 0.2432
2 265 -0.016
2 266 0.0416
2 267 -0.0288
2 268 -0.2784
2 269 -0.1152
2 270 -0.2112
2 271 -0.144
2 272 -0.1248
2 273 0.3168
2 274 -0.0288
2 275 -0.2528
2 276 0.1088
2 277 0.0768
2 278 -0.1664
2 279 -0.0288
2 280 0.0512
2 281 0.1504
2 282 0.2048
2 283 0.1984
2 284 -0.1376
2 285 0.0512
2 286 -0.224
2 287 0.1504
2 288 -0.1056
2 289 -0.2816
2 290 -0.7296
2 291 0.0032
2 292 -0.1088
2 293 -0.224
2 294 -0.2336
2 295 -0.1792
2 296 -0.064
2 297 0.0096
2 298 0.1888
2 299 0.1248
2 300 -0.0416
2 301 0.0832
2 302 -0.1472
2 303 0.2816
2 304 -0.0672
2 305 0.432
2 306 -0.176
2 307 -0.064
2 308 0.0608
2 309 -0.4608
2 310 0.0736
2 311 -0.032
2 312 0.0128
2 313 -0.144
2 314 -0.2752
2 315 -0.1536
2 316 0.2048
2 317 -0.0032
2 318 0.0896
2 319 0.1216
2 320 0.1248
2 321 0.0768
2 322 0.1984
2 323 -0.1184
2 324 0.016
2 325 0.064
2 326 0.1248
2 327 -0.0448
2 328 -0.0448
2 329 0.0608
2 330 0.224
2 331 0.0448
2 332 -0.0416
2 333 0.064
2 334 -0.0992
2 335 -0.1728
2 336 0.128
2 337 -0.032
2 338 -0.1792
2 339 -0.1664
2 340 -0.448
2 341 0.4384
2 342 0.2336
2 343 -0.0448
2 344 -0.464
2 345 -0.6528
2 346 -0.8736
2 347 -0.576
2 348 -0.7968
2 349 -0.4032
2 350 -0.3488
2 351 0.0896
2 352 0.656
2 353 0.6592
2 354 0.0736
2 355 -0.2016
2 356 -1.5232
2 357 -0.6112
2 358 -0.7168
2 359 -0.1248
2 360 -0.6048
2 361 -0.3936
2 362 0.0448
2 363 0.1184
2 364 0.1952
2 365 -0.0352
2 366 -0.5824
2 367 0.272
2 368 1.1808
2 369 0.9824
2 370 1.3472
2 371 1.248
2 372 0.9376
2 373 -0.0096
2 374 0.2432
2 375 0.544
2 376 -0.2208
2 377 0.272
2 378 0.208
2 379 0.6208
2 380 0.1312
2 381 -0.032
2 382 1.3984
2 383 1.2128
2 384 0.7008
2 385 0.56
2 386 0.2944
2 387 0.624
2 388 -0.8352
2 389 -0.368
2 390 -0.0416
2 391 -0.2208
2 392 0.5376
2 393 0.0224
2 394 -1.5712
2 395 0.832
2 396 0.9152
2 397 -0.3456
2 398 -0.5152
2 399 0.7392
2 400 0.4864
2 401 0.7168
2 402 0.272
2 403 -0.144
2 404 -0.4992
2 405 -1.6672
2 406 -0.3072
2 407 -1.1008
2 408 -1.3088
2 409 -1.3792
2 410 -0.0608
2 411 0.064
2 412 0.5408
2 413 0.5088
2 414 0.7712
2 415 0.24
2 416 0.1408
2 417 -0.6944
2 418 -1.3024
2 419 -1.8688
2 420 -2.3296
2 421 -1.6672
2 422 -1.4208
2 423 -0.4096
2 424 -1.3312
2 425 -2.4288
2 426 -1.296
2 427 -0.8224
2 428 -0.7072
2 429 0.6016
2 430 0.1344
2 431 -0.6016
2 432 -0.8032
2 433 -0.3616
2 434 0.2304
2 435 0.5632
2 436 1.088
2 437 -0.8576
2 438 -0.3872
2 439 0.496
2 440 -0.448
2 441 -0.0384
2 442 0.72
2 443 0.3712
2 444 0.2016
2 445 0
2 446 -0.3744
2 447 0.0608
2 448 1.0592
2 449 1.0944
2 450 1.0048
2 451 1.248
2 452 1.3984
2 453 1.392
2 454 0.528
2 455 -0.1504
2 456 0.0928
2 457 0.7424
2 458 -0.7008
2 459 -0.3552
2 460 0.2432
2 461 0.4128
2 462 1.0944
2 463 2.0384
2 464 0.5312
2 465 0.9344
2 466 0.7744
2 467 0.096
2 468 -0.016
2 469 0.0448
2 470 0.9824
2 471 0.6496
2 472 -1.1936
2 473 -2.3744
2 474 -1.7184
2 475 -0.3424
2 476 0.1056
2 477 0.0544
2 478 0.016
2 479 0.3136
2 480 0.112
2 481 0.0384
2 482 0.1376
2 483 0.2304
2 484 0.0992
2 485 -0.2336
2 486 -0.1888
2 487 -0.384
2 488 -0.736
2 489 -0.5024
2 490 -0.5856
2 491 -0.7872
2 492 -0.5088
2 493 -0.2848
2 494 0.0608
2 495 -0.2752
2 496 0.2848
2 497 0.656
2 498 0.8448
2 499 0.2752
2 500 -0.56
2 501 -0.1568
2 502 -0.016
2 503 -0.0864
2 504 0.4576
2 505 -0.2336
2 506 -0.2016
2 507 0.1344
2 508 0.512
2 509 -0.928
2 510 -0.864
2 511 -1.28
2 512 -0.1408
2 513 -0.3424
2 514 -0.1152
2 515 0.352
2 516 0.1632
2 517 -0.8448
2 518 -0.3808
2 519 -0.3488
2 520 0.4896
2 521 -0.0416
2 522 -0.88
2 523 -0.2752
2 524 -1.424
2 525 0.6144
2 526 0.0512
2 527 -0.768
2 528 0.384
2 529 0.2304
2 530 -0.3552
2 531 0.1312
2 532 -0.464
2 533 0.0448
2 534 0.2496
2 535 -0.9216
2 536 -0.1984
2 537 -2.6016
2 538 -1.5104
2 539 -2.6816
2 540 -0.672
2 541 -1.1648
2 542 -0.112
2 543 -0.3616
2 544 -0.0576
2 545 0.368
2 546 -0.6336
2 547 -0.064
2 548 0.4288
2 549 -0.7136
2 550 -1.232
2 551 -1.44
2 552 -3.5424
2 553 -0.4256
2 554 -0.4096
2 555 -0.1056
2 556 1.0016
2 557 0.3808
2 558 0.3328
2 559 -0.8128
2 560 0.1248
2 561 -0.6336
2 562 -0.5504
2 563 -0.7968
2 564 0.72
2 565 0.432
2 566 -1.0656
2 567 1.472
2 568 1.6992
2 569 0.4544
2 570 0
2 571 -0.3392
2 572 0.4192
2 573 -0.5696
2 574 -0.048
2 575 0.6272
2 576 1.8688
2 577 1.008
2 578 2.2112
2 579 0.1472
2 580 -0.8288
2 581 1.0368
2 582 -0.0544
2 583 0.1632
2 584 -0.3872
2 585 0.5056
2 586 -0.2944
2 587 -0.6624
2 588 2.1952
2 589 1.5552
2 590 0.9696
2 591 0.7232
2 592 1.0496
2 593 0.1344
2 594 0.5664
2 595 0.3456
2 596 0.1024
2 597 0.752
2 598 0.6016
2 599 0.384
2 600 -0.1984
2 601 -0.3872
2 602 1.2896
2 603 1.4144
2 604 0.5568
2 605 0.1664
2 606 -0.32
2 607 1.328
2 608 0.5056
2 609 0.064
2 610 0.5152
2 611 0.6656
2 612 0.0384
2 613 -0.6432
2 614 -0.064
2 615 2.3104
2 616 2.7872
2 617 1.6192
2 618 0.0864
2 619 -1.4592
2 620 -0.0096
2 621 -0.928
2 622 -0.6144
2 623 0.1504
2 624 0.1504
2 625 -0.1184
2 626 0.4544
2 627 1.0848
2 628 1.7696
2 629 1.632
2 630 0.144
2 631 -0.912
2 632 -0.1728
2 633 -0.1088
2 634 -1.0112
2 635 -0.6464
2 636 -0.5184
2 637 -0.704
2 638 0.1888
2 639 1.024
2 640 0.864
2 641 0.768
2 642 0.3488
2 643 -0.912
2 644 -0.8768
2 645 0.112
2 646 0.2048
2 647 -0.2144
2 648 -0.0448
2 649 0.1664
2 650 -0.1824
2 651 0.8352
2 652 -0.4448
2 653 0.624
2 654 -0.3552
2 655 -1.264
2 656 0.096
2 657 0.4256
2 658 0.1536
2 659 -0.2752
2 660 1.4304
2 661 0.4384
2 662 -0.0032
2 663 0.0512
2 664 -0.2976
2 665 0.368
2 666 0.2304
2 667 -0.1664
2 668 -0.7456
2 669 -0.5152
2 670 0.304
2 671 0.336
2 672 0.5216
2 673 0.6176
2 674 0.7456
2 675 0.0352
2 676 -0.032
2 677 -0.2752
2 678 -0.928
2 679 -1.1136
2 680 -0.368
2 681 -1.1232
2 682 -0.784
2 683 -0.656
2 684 -0.7264
2 685 -0.4512
2 686 -0.5184
2 687 -0.3136
2 688 0.1216
2 689 -0.048
2 690 -0.3424
2 691 -1.2768
2 692 -0.64
2 693 0.2976
2 694 -0.2464
2 695 -0.1376
2 696 -1.1296
2 697 -1.52
2 698 -0.9856
2 699 -1.1392
2 700 -0.4288
2 701 -0.2688
2 702 -0.4928
2 703 -0.4224
2 704 -0.048
2 705 0.2944
2 706 2.2432
2 707 2.4064
2 708 1.2768
2 709 -1.008
2 710 -1.0496
2 711 -0.864
2 712 -1.6448
2 713 -0.4
2 714 -0.3776
2 715 -1.5072
2 716 -0.688
2 717 -0.0064
2 718 1.8624
2 719 3.968
2 720 4.0832
2 721 4.128
2 722 2.0864
2 723 -0.1248
2 724 -0.4416
2 725 0.3168
2 726 -0.9312
2 727 -0.128
2 728 -0.0736
2 729 0.0384
2 730 1.8912
2 731 2.1696
2 732 3.0944
2 733 2.912
2 734 1.1936
2 735 1.8944
2 736 2.5408
2 737 -0.6272
2 738 -1.6352
2 739 -0.72
2 740 0.6336
2 741 0.4736
2 742 0.0864
2 743 -0.4768
2 744 -1.488
2 745 -1.7024
2 746 -2.4096
2 747 -3.8752
2 748 -0.3904
2 749 -0.016
2 750 -0.4672
2 751 -0.576
2 752 -0.8352
2 753 0.208
2 754 0.2112
2 755 0.272
2 756 -0.1568
2 757 -0.7168
2 758 -0.3936
2 759 -3.0304
2 760 -0.4608
2 761 0.1024
2 762 0.5376
2 763 1.2736
2 764 -0.1088
2 765 -0.9888
2 766 -1.0528
2 767 0.9856
2 768 1.7376
2 769 -1.6512
2 770 -1.9872
2 771 -2.4192
2 772 -0.304
2 773 0.0064
2 774 0.0576
2 775 -0.7904
2 776 -0.7712
2 777 -1.3952
2 778 -1.3376
2 779 -0.7904
2 780 0.8192
2 781 0.7808
2 782 -0.32
2 783 -0.9184
2 784 -0.3104
2 785 0.176
2 786 0.1376
2 787 -0.8992
2 788 0.048
2 789 -0.5184
2 790 -0.688
2 791 -0.8736
2 792 -1.0336
2 793 -0.5728
2 794 -0.5664
2 795 -1.024
2 796 -2.3488
2 797 -1.4432
2 798 -0.624
2 799 -2.2784
2 800 -2.0544
2 801 -1.9072
2 802 0.24
2 803 2.2432
2 804 0.0864
2 805 -0.32
2 806 -0.1248
2 807 0.2752
2 808 0.3264
2 809 -0.9088
2 810 -0.5216
2 811 0.6368
2 812 0.544
2 813 -0.56
2 814 -0.8896
2 815 0.7136
2 816 0.5856
2 817 0.1312
2 818 -0.3072
2 819 -0.6336
2 820 -0.0768
2 821 0.208
2 822 0.864
2 823 1.5008
2 824 1.248
2 825 1.0336
2 826 0.3584
2 827 0.5984
2 828 -0.1568
2 829 0.176
2 830 -0.0864
2 831 0.1664
2 832 -0.0224
2 833 -0.0864
2 834 0.2208
2 835 0.1792
2 836 0.2784
2 837 0.0896
2 838 0.0384
2 839 0.9952
2 840 0.6336
2 841 1.4784
2 842 0.8736
2 843 0.0096
2 844 -0.0768
39691177889
162878705102
-45992692520
