Convolution
Square
94076043497
94076043497
94076043497
94076043497
94076043497
94076043497
94076043497
94076043497
94076043497
94076043497
94076043497
94076043497
94076043497
94076043497
94076043497
94076043497
94076043497
94076043497
94076043497
94076043497
94076043497
94076043497
94076043497
94076043497
94076043497
94076043497
94076043497
114643249385
59106716905
18322851049
40592162025
53237063913
53758808297
53758808297
50940608745
42792540393
85041658089
94076043497
94076043497
94076043497
31165038825
88002486505
227184642281
186176395497
129381459177
118738438377
107677434089
141175015657
113789674729
137177123049
94076043497
94076043497
94076043497
113120747753
192996698345
167413909737
171887688937
213225392361
223924039913
273762171113
107037027561
226254054633
151560545513
94076043497
94076043497
94076043497
94076043497
94076043497
94076043497
102753561833
109489078505
111359044841
31301133545
81145537769
-227249650456
62262001897
94076043497
94076043497
94076043497
94076043497
94076043497
94076043497
94076043497
94076043497
97190923497
-4393861911
-229885005592
163978260713
79945363689
94076043497
94076043497
94076043497
94076043497
94076043497
94076043497
94076043497
101624792297
32657886441
115483143401
-250039548696
54348770537
94076043497
94076043497
94076043497
94076043497
94076043497
94076043497
94076043497
94377993449
88243617001
-42758086423
-220729861912
139443600617
86877495529
94076043497
94076043497
94076043497
94076043497
94076043497
94076043497
94076043497
113995714793
-34546359063
225144607977
-258668018456
53977604329
94076043497
94076043497
94076043497
94076043497
94076043497
94076043497
94076043497
100215692521
32747878633
59536406761
-213441096472
72942559465
89732092137
94076043497
94076043497
94076043497
94076043497
94076043497
94076043497
94076043497
88819033321
23559102697
264879109353
214749853929
87576998121
94076043497
94076043497
94076043497
94076043497
94076043497
94076043497
94076043497
94076043497
60818082025
157998474473
-179144133400
116886703337
84140982505
94076043497
94076043497
94076043497
94076043497
94076043497
-250272760
-250272760
-250272760
-250272760
-250272760
-250272760
-250272760
-250272760
-250272760
-250272760
-250272760
-250272760
-250272760
-250272760
-250272760
-250272760
-250272760
-250272760
-250272760
-250272760
-250272760
-250272760
-250272760
-250272760
-250272760
-250272760
-250272760
-4133815288
-14890897400
-16298087416
-13389857784
-11865480184
-11800851448
-11800851448
-11550458872
-6747239416
275076104
-250272760
-250272760
-250272760
662312968
5556000776
3617750024
1546809352
1919992840
2150628360
1928821768
-3537503224
-4418366456
3698297864
-250272760
-250272760
-250272760
-2589532152
-9373635576
-16647463928
-15949514744
-16223044600
-13860927480
-19020900344
-25810585592
-13561200632
707030024
-250272760
-250272760
-250272760
-250272760
-250272760
-250272760
-1282175992
-2246339576
-4332396536
-15386808312
-13020175352
-5887090680
-4711498744
-250272760
-250272760
-250272760
-250272760
-250272760
-250272760
-250272760
-250272760
-4760829944
-9530632184
-9785496568
-5341595640
-1625637880
-250272760
-250272760
-250272760
-250272760
-250272760
-250272760
-250272760
-920967160
-12802834424
-11595106296
-6726631416
-4731701240
-250272760
-250272760
-250272760
-250272760
-250272760
-250272760
-250272760
-277100536
-10871142392
-12189786104
-6977182712
-4205016056
-1075702776
-250272760
-250272760
-250272760
-250272760
-250272760
-250272760
-250272760
-3676534776
-12516332536
-8061960184
-5799507960
-4643123192
-250272760
-250272760
-250272760
-250272760
-250272760
-250272760
-250272760
-795770872
-12072554488
-13927852024
-12333267960
-6138855416
-748377080
-250272760
-250272760
-250272760
-250272760
-250272760
-250272760
-250272760
-3550311416
-10927851512
-13015905272
-4420503544
-1057229816
-250272760
-250272760
-250272760
-250272760
-250272760
-250272760
-250272760
-250272760
799633416
-1102678008
-11586421752
-8093085688
-1166810104
-250272760
-250272760
-250272760
-250272760
-250272760
-31146944775
-31146944775
-31146944775
-31146944775
-31146944775
-31146944775
-31146944775
-31146944775
-31146944775
-31146944775
-31146944775
-31146944775
-31146944775
-31146944775
-31146944775
-31146944775
-31146944775
-31146944775
-31146944775
-31146944775
-31146944775
-31146944775
-31146944775
-31146944775
-31146944775
-31146944775
-31146944775
-11256137991
47076952825
-115326427399
-153586486535
-115795947783
-79026221319
-79026221319
-79793598727
-98649923847
-75649085703
-31146944775
-31146944775
-31146944775
41473249017
200364218105
75797486329
26711370489
-23566558471
-20682074375
-41211294983
-15381221639
-179187165447
-205062689031
-31146944775
-31146944775
-31146944775
-20743039239
78422700793
86981986041
155262907129
126598590201
126979880697
123438149369
-263660186888
-151160410375
-191695368455
-31146944775
-31146944775
-31146944775
-31146944775
-31146944775
-31146944775
-29171036423
-19477609735
-16939612423
145110191865
155110773497
-190994163975
-92563152135
-31146944775
-31146944775
-31146944775
-31146944775
-31146944775
-31146944775
-31146944775
-31146944775
9930029817
249267503865
-61441890567
-150919255303
-44752071943
-31146944775
-31146944775
-31146944775
-31146944775
-31146944775
-31146944775
-31146944775
-29091469575
126256934649
138363550457
-190442910983
-81886746887
-31146944775
-31146944775
-31146944775
-31146944775
-31146944775
-31146944775
-31146944775
-31064725767
50990372601
203024481017
-115863397639
-140419904775
-36095189255
-31146944775
-31146944775
-31146944775
-31146944775
-31146944775
-31146944775
-31146944775
-15033869575
211089712889
21997522681
-155200856327
-74883823879
-31146944775
-31146944775
-31146944775
-31146944775
-31146944775
-31146944775
-31146944775
-29475158279
120857736953
181062404857
-179977099527
-104315374855
-34132954375
-31146944775
-31146944775
-31146944775
-31146944775
-31146944775
-31146944775
-31146944775
5191293689
268118118137
55692276473
-264473697543
-62190125319
-31146944775
-31146944775
-31146944775
-31146944775
-31146944775
-31146944775
-31146944775
-31146944775
14629128953
239375449849
69622483705
-97279433991
-41514227975
-31146944775
-31146944775
-31146944775
-31146944775
-31146944775
-49532850191
-49532850191
-49532850191
-49532850191
-49532850191
-49532850191
-49532850191
-49532850191
-49532850191
-49532850191
-49532850191
-49532850191
-49532850191
-49532850191
-49532850191
-49532850191
-49532850191
-49532850191
-49532850191
-49532850191
-49532850191
-49532850191
-49532850191
-49532850191
-49532850191
-49532850191
-49532850191
-58935701519
-170918201359
238361579506
246365661170
-239008914447
-204637116431
-204637116431
-204236281871
-169978863631
-88605997071
-49532850191
-49532850191
-49532850191
-41157302287
58667070449
74991113201
-3764779023
-128463066127
-179555063823
-191489113103
-213305771023
-253926429711
-184969064463
-49532850191
-49532850191
-49532850191
-4349804559
86184203249
188795593713
242527920113
-256426819600
-252449863696
-260673405968
166023704561
50687558641
-22685547535
-49532850191
-49532850191
-49532850191
-49532850191
-49532850191
-49532850191
-37629995023
-29900601359
-17150121999
-86908796943
-4627694607
-1515714575
11128253425
-49532850191
-49532850191
-49532850191
-49532850191
-49532850191
-49532850191
-49532850191
-49532850191
-64010616847
-49131112463
24465300465
46744913905
-33248218127
-49532850191
-49532850191
-49532850191
-49532850191
-49532850191
-49532850191
-49532850191
-50606514191
-104537827343
-6382845967
13651616753
10688674801
-49532850191
-49532850191
-49532850191
-49532850191
-49532850191
-49532850191
-49532850191
-49575796751
-106770604047
-111314504719
-16349303823
29063388145
-42096556047
-49532850191
-49532850191
-49532850191
-49532850191
-49532850191
-49532850191
-49532850191
-61056161807
-119182171151
24290058225
59239853041
6202495985
-49532850191
-49532850191
-49532850191
-49532850191
-49532850191
-49532850191
-49532850191
-50406096911
-123522105359
-62028379151
-24788338703
30623908849
-45045431311
-49532850191
-49532850191
-49532850191
-49532850191
-49532850191
-49532850191
-49532850191
-60326345743
-35904474127
6534056945
2298029041
-38229153807
-49532850191
-49532850191
-49532850191
-49532850191
-49532850191
-49532850191
-49532850191
-49532850191
-20591800335
168052636657
255207036913
83739203569
-37735792655
-49532850191
-49532850191
-49532850191
-49532850191
-49532850191
-144824959252
-144824959252
-144824959252
-144824959252
-144824959252
-144824959252
-144824959252
-144824959252
-144824959252
-144824959252
-144824959252
-144824959252
-144824959252
-144824959252
-144824959252
-144824959252
-144824959252
-144824959252
-144824959252
-144824959252
-144824959252
-144824959252
-144824959252
-144824959252
-144824959252
-144824959252
-144824959252
-165869154580
-250158747924
-172750434580
-130029844756
-137215381780
-159222784276
-159222784276
-156928450836
-124410102036
-116063402260
-144824959252
-144824959252
-144824959252
-175316235540
-185946813716
-2429062420
-49079750932
-87445367060
-106892528916
-95434126612
-129422030100
-61654195476
-19180566804
-144824959252
-144824959252
-144824959252
-148238472468
-50969698580
12711244524
21688998636
67522683628
72317560556
74642822892
-57809930516
195611032300
18070733548
-144824959252
-144824959252
-144824959252
-144824959252
-144824959252
-144824959252
-141383986452
-128168697108
-123936619796
-228471982356
-138517845268
251325958892
-88578906388
-144824959252
-144824959252
-144824959252
-144824959252
-144824959252
-144824959252
-144824959252
-144824959252
-172379103508
248919314157
184882398956
71252218604
-139087919380
-144824959252
-144824959252
-144824959252
-144824959252
-144824959252
-144824959252
-144824959252
-150970495252
-258711320852
-112723399956
233072850668
-107295612180
-144824959252
-144824959252
-144824959252
-144824959252
-144824959252
-144824959252
-144824959252
-145070780692
-205902133524
256735470317
201239803628
32667418348
-143355957524
-144824959252
-144824959252
-144824959252
-144824959252
-144824959252
-144824959252
-144824959252
-168231146772
237697793773
46850579180
197522293484
-114017365268
-144824959252
-144824959252
-144824959252
-144824959252
-144824959252
-144824959252
-144824959252
-149823328532
-253929776404
-199351828756
-269667433749
-38847513876
-143938492692
-144824959252
-144824959252
-144824959252
-144824959252
-144824959252
-144824959252
-144824959252
-164250849556
242609310445
94089609964
185184276204
-125685511444
-144824959252
-144824959252
-144824959252
-144824959252
-144824959252
-144824959252
-144824959252
-144824959252
-166930293012
-113692348692
191737806572
10440571628
-140203516180
-144824959252
-144824959252
-144824959252
-144824959252
-144824959252
 ========================================= 
 ============ Final Output =============== 
 ========================================= 
-5.114549092e+10 2.50714877261e+11 1.58937859876e+11 1.72823115258e+11 -9.1615739326e+10 -1.08805670455e+11 -1.76541396013e+11 -6.497970927e+09 -2.17741824757e+11 -1.94052987267e+11 -6.1661204542e+10 1.47245195158e+11 -2.34643245943e+11 1.8376514269e+11 2.64135114986e+11 1.60707831487e+11 8.8888359837e+10 2.44620994049e+11 2.69828556412e+11 -1.3760328632e+10 2.10552632528e+11 -1.81723729007e+11 2.29970298342e+11 -2.01157041334e+11 -1.85160363113e+11 -1.15258782668e+11 -1.36077151931e+11 -2.03405418892e+11 -8.0306375621e+10 -2.51910542522e+11 1.46170759509e+11 -1.9688077543e+10 8.3686609167e+10 7.4873303178e+10 -2.66319424375e+11 -2.71761667099e+11 -2.09047275752e+11 -1.98606759446e+11 1.90007468868e+11 -5.1360497342e+10 1.92346489724e+11 2.16463701603e+11 8.2888954465e+10 9.0532583982e+10 2.04787957152e+11 3.5536712081e+10 -1.740162434e+10 -4.8684345887e+10 1.19510472385e+11 -1.32776198466e+11 -8.5917198695e+10 -2.39029937151e+11 -5.305675352e+10 9.1250710004e+10 -5.552953284e+09 7.2044503763e+10 -3.616103835e+10 -9.5164230504e+10 -2.22426953147e+11 2.426644482e+10 1.7129121919e+11 -5.9117355235e+10 -2.7175093647e+10 5.5149435138e+10 2.01271686007e+11 -8.2718018892e+10 2.07721472783e+11 9.7427905267e+10 -1.38660196582e+11 1.76653422981e+11 -9.545437693e+10 -8.4976622843e+10 2.1561307668e+10 -5.4676058496e+10 -5.6747764642e+10 2.11880290911e+11 7.9393164503e+10 1.11861778034e+11 2.37072035307e+11 1.750579846e+09 8.5525821367e+10 1.97946637235e+11 1.24633207381e+11 -3.5534136043e+10 9.3070696109e+10 2.14688277093e+11 2.14196740096e+11 -1.25757643184e+11 2.31993646881e+11 -1.94024953037e+11 -1.91155462262e+11 -6.7503282867e+10 2.37801398407e+11 2.44717158868e+11 2.5311427323e+10 -1.72149816348e+11 -1.11347313727e+11 2.60066917076e+11 -2.25438515495e+11 -1.60360254602e+11 -2.63479251796e+11 -3.5650468361e+10 -1.869823747e+09 -2.19813511531e+11 1.1549164938e+10 -1.14348854761e+11 1.3818692896e+10 4.0651033387e+10 2.13742403413e+11 -2.69720448848e+11 -2.53836512619e+11 -3.6764361261e+10 1.6663945598e+11 2.35253483273e+11 2.27276485402e+11 1.78535116032e+11 2.30639680919e+11 -2.63400611205e+11 -8.3040610624e+10 6.261266331e+10 1.61037315194e+11 8.1677694331e+10 -2.54766580402e+11 5.3057569135e+10 -2.46480486927e+11 1.24667124502e+11 -3.6660215379e+10 -1.67727626163e+11 7.8866409841e+10 -6.3381021823e+10 -2.59242064437e+11 2.64609599284e+11 -9.3146001629e+10 -1.11702629365e+11 -4.9987299423e+10 -4.2390602646e+10 1.28482934969e+11 -3.345855654e+10 3.8125786045e+10 -1.1132287427e+11 2.29142365821e+11 2.33198975368e+11 -1.32333122654e+11 1.02685749881e+11 -2.3928986724e+10 -1.74135913755e+11 -1.19002331272e+11 1.90764882085e+11 -8.2839794511e+10 2.12268944328e+11 -2.03404947995e+11 -3.0862505852e+10 1.51143157577e+11 1.88170625519e+11 -2.70036965238e+11 -1.37862611219e+11 1.85637891475e+11 -1.16651467155e+11 6.1107475012e+10 2.52549917334e+11 -2.7452455321e+11 -1.09970876699e+11 1.19654307293e+11 -8.9292418662e+10 2.29303172644e+11 -3.0566860424e+10 2.60102890209e+11 5.5309126971e+10 2.24156226453e+11 
2.504236099e+11 1.01295628925e+11 -2.04083939652e+11 6.7553004892e+10 -1.96025412771e+11 2.38387847721e+11 -1.16985908075e+11 -1.61194950984e+11 -1.9152275194e+10 1.74512922509e+11 2.6188959196e+11 -1.29206672956e+11 2.08267488141e+11 4.8460737008e+10 9.5219671588e+10 2.32341405438e+11 2.3700602759e+11 -6.3999218514e+10 2.43002762237e+11 -1.3904796706e+10 6.8946017672e+10 6.3241995358e+10 2.8861435312e+10 -1.60391190495e+11 -1.88592231764e+11 -1.2838816722e+10 2.65370154489e+11 -5.828172991e+10 -1.26371851376e+11 -2.74071033239e+11 -1.32127836163e+11 3.0935140556e+10 2.70418782107e+11 -4.9618096156e+10 1.32109723893e+11 1.61010166731e+11 2.02006143762e+11 1.802852321e+10 -5.4951278117e+10 -3.4813642251e+10 2.65000700805e+11 2.14885168711e+11 -1.1441733228e+11 -1.16932833425e+11 -1.43326759009e+11 -1.26629410261e+11 2.2076153431e+11 -2.72702342167e+11 1.9845111118e+10 -2.64306893394e+11 2.51205967958e+11 -1.02850822432e+11 -1.46044579371e+11 -7.6201354031e+10 -1.5887228014e+10 -1.52839767616e+11 1.05880292276e+11 1.8587964881e+11 2.22890736258e+11 -6.063221622e+10 4.5161385051e+10 1.15907539788e+11 -6.161736639e+09 1.91359845877e+11 -1.56934433321e+11 -2.15391133251e+11 -6.7991849464e+10 3.3627054201e+10 1.2195387223e+11 1.978286304e+09 -2.62382422542e+11 -4.493167204e+10 -4.9953958733e+10 -8.9411350308e+10 -1.2337776739e+10 -2.0660176057e+11 6.681823818e+10 -8.636111801e+09 -1.8028256854e+11 1.38375022046e+11 -2.53535626687e+11 -2.1228316222e+10 -2.62558663172e+11 -1.7670103331e+11 -1.72816801671e+11 -1.19014972416e+11 -8.5673438448e+10 -2.04634434954e+11 -2.30967386006e+11 1.09186481453e+11 6.5004933574e+10 -3.4174533057e+10 -1.12892321776e+11 2.00633211869e+11 -1.54793875353e+11 1.66657603074e+11 2.19284209584e+11 9.1579449109e+10 -1.27501030378e+11 -4.9290488366e+10 -2.2826916468e+11 1.38830377346e+11 2.63810084124e+11 -2.7974669211e+10 2.29840919427e+11 1.0757379916e+10 2.61313104591e+11 -2.23887285761e+11 -1.43520569141e+11 -1.17658418266e+11 -5.6584065107e+10 1.76723880042e+11 1.6158277796e+10 -2.60155171967e+11 -1.87734853338e+11 -1.81063736769e+11 5.1471871919e+10 -9.1819006199e+10 5.8162419832e+10 -6.5257537079e+10 -8.8532205829e+10 1.30293256209e+11 1.08734639354e+11 1.17701175281e+11 -1.48968279729e+11 1.0756624991e+11 3.454333099e+09 -4.087835384e+09 -2.46511688e+10 -2.46017049828e+11 -2.11688156897e+11 -4.1632230055e+10 -2.102546836e+10 6.0029217499e+10 1.8270283116e+11 1.89462509645e+11 -1.6660774008e+11 -1.45923364829e+11 -5.5831019965e+10 -2.70593976059e+11 -2.18600357422e+11 1.41019759175e+11 -1.41735427399e+11 3.4917425161e+10 -1.22945697707e+11 -2.8710893628e+10 -4.0036073887e+10 -1.77667915613e+11 2.0453287266e+11 -2.29418693628e+11 1.6897008204e+11 -1.28520968031e+11 2.62596370029e+11 1.40394956791e+11 -3.8436264463e+10 7.977262755e+10 -8.2332055642e+10 -1.28185993036e+11 -1.04354365009e+11 5.1225381334e+10 -2.49923161926e+11 -2.11848117624e+11 -1.196331837e+09 -2.58911778263e+11 -7.6603133382e+10 -1.06370895338e+11 2.50959905026e+11 -2.1753375425e+11 -3.398179143e+09 
4.4824323218e+10 -3.3688752939e+10 2.27617967355e+11 -7.8708871067e+10 1.60488984688e+11 -1.60129330663e+11 -1.85102311754e+11 1.25207153384e+11 -8.4478432622e+10 1.9177897997e+10 -2.54926114917e+11 -1.51964143234e+11 9.9917984085e+10 -2.32669429767e+11 -3.4093679555e+10 2.4365782952e+11 1.38067015579e+11 -1.10783492554e+11 1.84019452433e+11 -1.7019201514e+10 -5.1283491543e+10 -1.00677330442e+11 1.37891005524e+11 -2.3375057399e+11 -9.4267939894e+10 2.73909612534e+11 -6.8850574842e+10 -1.23180957767e+11 -1.9611918712e+10 1.66410216711e+11 -8.1020806626e+10 2.65941136625e+11 9.1851826311e+10 2.74010667594e+11 5.1359787818e+10 1.59440188856e+11 -1.72573936432e+11 -1.36629084341e+11 -2.02331737148e+11 6.3021126752e+10 5.408792386e+09 3.0242205488e+10 2.08507522992e+11 -8.882378199e+10 -3.9305374219e+10 -1.19350408731e+11 -1.86065350872e+11 -6.8504570534e+10 -1.52216927494e+11 1.16248679201e+11 -2.1301927383e+10 -7.0524049906e+10 1.42313752235e+11 2.665314996e+09 -1.44906508237e+11 3.7526954018e+10 2.61007271205e+11 -1.67580438965e+11 -1.00281309867e+11 -5.42170203e+10 -1.83577637627e+11 7.615907639e+10 -8.1035795632e+10 1.8875497185e+11 -2.1066602165e+11 -1.36017971645e+11 -1.60475212094e+11 -2.36225087703e+11 5.7524969012e+10 -6.655928499e+09 -9.2590422306e+10 -1.84663203265e+11 2.13689411725e+11 7.1436281544e+10 -8.2406923618e+10 -2.32787615978e+11 -1.7832016266e+11 -1.3265342819e+11 -1.00258428851e+11 -2.25775127651e+11 -2.06574139865e+11 9.735744358e+09 1.46221527472e+11 -1.54119153351e+11 7.802665469e+09 5.2120146918e+10 -9.8893002545e+10 -2.27111899305e+11 -1.13376517655e+11 1.55694692541e+11 -2.06837564002e+11 -2.66891985463e+11 -1.762345946e+11 -1.92709663017e+11 1.28302371041e+11 -2.65265024269e+11 1.62634083894e+11 2.42204390882e+11 -8.5664415538e+10 1.31407191794e+11 -2.21820298129e+11 -1.94110753717e+11 1.42752651461e+11 -1.98875763531e+11 -3.6976068447e+10 6.5778959155e+10 -1.00551798625e+11 4.0271379169e+10 1.95204774742e+11 1.77426247392e+11 1.0261640736e+11 2.04843004644e+11 -1.69329909588e+11 5.8759501446e+10 -1.82678041631e+11 1.11360588333e+11 -2.33530920874e+11 -2.33670246249e+11 2.20283944359e+11 -1.5818216178e+10 1.66342730925e+11 -3.9816720659e+10 1.68202368868e+11 1.59300763533e+11 2.30308414638e+11 -3.0881911476e+10 4.2698987549e+10 -7.0157407113e+10 -8.3716811751e+10 1.44378215658e+11 -5.415374823e+09 -1.89580278571e+11 -3.5171129159e+10 -2.46613235889e+11 4.9963128969e+10 2.21515396792e+11 -2.11880249454e+11 -2.5259376041e+10 8.2448005862e+10 -1.6468480677e+11 8.8521654458e+10 -2.08708995131e+11 -2.353380044e+10 2.0265206655e+10 -8.4333787246e+10 2.48105263851e+11 -2.5744219328e+10 1.5954875361e+10 -1.48634471545e+11 -4.2823022958e+10 -2.8149742314e+10 -2.16663562314e+11 -1.11382826556e+11 2.52707424726e+11 -2.65190074716e+11 -9.2117499608e+10 1.1841700844e+11 -1.17973383243e+11 -3.4427950941e+10 -1.92725244137e+11 2.32547499557e+11 1.87799466276e+11 -1.6712809529e+10 1.83123534579e+11 1.83196379206e+11 -1.41993587448e+11 1.94703847569e+11 -1.95233068363e+11 4.0846648173e+10 
-6.7529190502e+10 1.84892765767e+11 1.60481360036e+11 2.70431192435e+11 2.3156312196e+11 9.7299578511e+10 -9.5155332804e+10 1.10512237076e+11 -2.73275251513e+11 -2.4440064975e+11 7.824084145e+10 -7.5432484862e+10 -2.63762604086e+11 -1.42341663179e+11 8.3249136741e+10 -2.71712533406e+11 1.40330605373e+11 2.26685009144e+11 -8.1599360712e+10 2.24104389438e+11 -5.8660871693e+10 -1.47942808067e+11 1.30540212941e+11 -6.7408969375e+10 2.63132735805e+11 1.32234693419e+11 -8.1161872758e+10 2.22394926924e+11 2.4022644997e+11 -4.8792473875e+10 -2.1176535242e+11 1.76023381986e+11 -2.07092411211e+11 -2.44428685933e+11 -1.88835626429e+11 -1.8394451073e+10 -2.73651614632e+11 4.6957847727e+10 1.95398843063e+11 6.4407142584e+10 2.2068083207e+10 -1.58450774621e+11 -1.45158698329e+11 1.36161760314e+11 -2.13004782925e+11 5.1622218007e+10 9.4783232638e+10 6.286900179e+10 1.99294065563e+11 -8.165253516e+09 -1.99631120678e+11 -1.87561819797e+11 5.9448193343e+10 -1.34768879285e+11 2.26576120254e+11 1.33836722097e+11 2.03935027626e+11 -1.51245715604e+11 -6.4510615394e+10 4.1802968839e+10 -9.02870387e+10 1.74637743354e+11 -1.86465104001e+11 1.4802652621e+11 -1.18552863257e+11 1.2265665442e+11 -1.43863353159e+11 1.5726698044e+11 -1.16617440638e+11 8.8060887339e+10 -2.6095975592e+11 -1.19324263533e+11 -2.66396209185e+11 -6.8724402292e+10 -2.0904879428e+11 -8.1954215594e+10 -7.6399149635e+10 -5.4535526743e+10 8.6804670227e+10 2.14016218338e+11 1.7773922703e+11 6.6256569576e+10 7.5871989177e+10 -2.28375864868e+11 -1.49830238298e+11 2.43193786362e+11 -1.82222147227e+11 1.79240595948e+11 2.0613155568e+11 2.61595864839e+11 2.2259675891e+10 -5.662768148e+10 1.79523278706e+11 -1.26415016093e+11 -2.08374231209e+11 2.37955650369e+11 -1.50370507956e+11 -6.2646432781e+10 1.641767433e+10 -9.0766252195e+10 -6.3783759169e+10 -1.11994398668e+11 -2.34361415813e+11 -4.7578422578e+10 1.536111183e+11 1.15454085662e+11 -6.1426520318e+10 6.3451794033e+10 -1.4277172294e+10 1.00011998e+08 -8.3060646189e+10 -2.51909103623e+11 7.1177425629e+10 -1.30259294617e+11 4.2507500001e+10 -1.31466421108e+11 5.4627884889e+10 -1.78498476885e+11 -2.68885412296e+11 -5.7699260238e+10 1.49767314347e+11 2.30165472224e+11 -1.43107617172e+11 2.5960616821e+11 -8.7309807839e+10 2.62162295767e+11 3.2969758197e+10 9.8619328018e+10 3.1359931031e+10 -2.55104368538e+11 -4.3887657115e+10 -2.70129170646e+11 4.2052627784e+10 -9.4171894019e+10 -1.44304171303e+11 -1.41030506368e+11 -1.69106342362e+11 2.24110183117e+11 -1.16996641169e+11 2.7878301337e+10 -2.64901614322e+11 -1.26100686471e+11 -2.9637381416e+10 -4.4837981181e+10 5.2483554484e+10 5.752782433e+09 -3.7449689963e+10 -4.270318019e+10 -3.2540687405e+10 -8.7987267188e+10 -8.6282267525e+10 2.37724781858e+11 1.58764392755e+11 -6.0853940088e+10 2.63846920287e+11 -4.1588690318e+10 1.69974719101e+11 -1.70677750273e+11 1.92266242916e+11 1.97629232128e+11 1.12245359483e+11 -1.43862907036e+11 1.89256028838e+11 -1.97379547476e+11 -7.1357650163e+10 2.48576804387e+11 4.6655750358e+10 2.54274784711e+11 -2.00707051108e+11 
-3.3789583724e+10 4.7506173487e+10 -1.50471626041e+11 -1.597894403e+11 2.18889983965e+11 -2.48782383515e+11 1.40603453686e+11 -2.3406284863e+11 1.24195464938e+11 -1.37185805532e+11 8.836544313e+09 1.55890687968e+11 -1.81435943307e+11 -1.79929146084e+11 -2.35653814104e+11 8.0211645411e+10 2.01172655349e+11 -2.74855164429e+11 2.3011136195e+11 -1.41046368607e+11 1.94210685767e+11 1.05492664821e+11 5.7859445532e+10 2.65975762891e+11 -6.736763535e+10 1.12818015652e+11 -1.30585923102e+11 4.8152871351e+10 -2.61700061596e+11 7.273547427e+10 -8.5337381217e+10 2.59892041501e+11 -8.904869742e+09 2.59469950671e+11 -1.99142639001e+11 9.01659006e+10 -1.36714086892e+11 2.47883575975e+11 -1.93195052409e+11 -1.99563539981e+11 2.37911258839e+11 1.01311874182e+11 -2.15578106525e+11 7.6191600633e+10 -3.2076097477e+10 -1.32270011762e+11 2.24293205816e+11 1.72032625529e+11 -1.83133981505e+11 2.41501969204e+11 -2.601740124e+11 3.4697178895e+10 -1.26152885422e+11 -2.36492329122e+11 4.8155556322e+10 1.48054589679e+11 -1.97656236937e+11 2.07785737334e+11 5.3888107015e+10 -3.1343716846e+10 -4.8813656973e+10 -1.33769446913e+11 6.5701149922e+10 5.6320657404e+10 -2.54495871814e+11 -2.27885951589e+11 2.390221084e+10 -1.75657139796e+11 2.0948957452e+10 8.0678739322e+10 -1.0331403786e+11 -5.266876289e+09 1.48312788996e+11 -1.6553464096e+10 -6.322925751e+09 -8.0335639992e+10 2.31296354511e+11 2.15990165651e+11 1.430723132e+11 -1.32233452594e+11 -1.8787188278e+10 -8.8778595195e+10 -2.61797979485e+11 1.6176802315e+11 -2.206639345e+09 2.65153453395e+11 -2.5381038739e+11 -2.64312564849e+11 1.49101257233e+11 -2.36637181893e+11 -1.69600134062e+11 -1.2566120318e+10 -2.62601513067e+11 1.34615390244e+11 2.35596100863e+11 1.1019471093e+10 -1.63210079713e+11 -1.96189431733e+11 -9.372961467e+10 -5.2172596549e+10 2.4215871711e+11 -1.27680897718e+11 -1.7957159376e+11 2.03177239506e+11 1.47625807614e+11 1.72519721505e+11 1.7692471979e+10 1.65717156654e+11 -2.20953559303e+11 -2.38249863842e+11 -4.9874567916e+10 1.65405449884e+11 -6.6880797593e+10 -2.57488017145e+11 9.6384210299e+10 1.65304406858e+11 1.78599491723e+11 1.15446593579e+11 -2.41769162872e+11 -2.16229099673e+11 6.81195398e+09 8.4522907979e+10 2.7035092177e+11 -2.51898657511e+11 8.538523797e+09 2.0129436884e+10 -1.82561216231e+11 -4.364120931e+09 -1.28539386827e+11 5.3790158318e+10 2.66767241577e+11 2.30175198075e+11 2.08785470145e+11 1.05491859944e+11 -1.9834362893e+11 -1.0250671272e+11 4.5774405375e+10 2.41749553084e+11 -1.180725787e+10 1.95339830645e+11 -1.02213862458e+11 1.64726090729e+11 1.72025697363e+11 1.39175167675e+11 2.27228437688e+11 -6.310301279e+09 2.70269493562e+11 1.87276788186e+11 -1.80253591152e+11 2.51891676443e+11 1.79226852863e+11 -1.6417661526e+11 -5.1820934026e+10 1.15694969228e+11 -1.35023155161e+11 1.75658241471e+11 -1.89654942722e+11 -2.39767885577e+11 -1.69694701354e+11 4.0564793214e+10 2.446333371e+10 -1.36546973172e+11 2.29904156804e+11 -8.2645163631e+10 -1.19633794459e+11 2.58214252876e+11 1.79788752547e+11 -2.70167633602e+11 -8.8853216403e+10 
