491290.4505843489 491290.4505843489 491290.4505843489 491290.4505843489 491290.4505843489 491290.4505843489 491290.4505843489 491290.4505843489 491290.4505843489 491290.4505843489 491290.4505843489 491290.4505843489 491290.4505843489 
491290.4505843489 491290.4505843489 491290.4505843489 491290.4505843489 491290.4505843489 491290.4505843489 491290.4505843489 491290.4505843489 491290.4505843489 491290.4505843489 491290.4505843489 491290.4505843489 491290.4505843489 
491290.4505843489 729588.6743718584 193931.12103593515 18635.483747027352 91465.69883251101 157328.10328548774 160427.01362915404 160427.01362915404 144047.58535233114 101650.96125222823 401461.1232137766 491290.4505843489 491290.4505843489 
491290.4505843489 53914.54414367555 429899.975543938 2.865091983645863e+06 1.924104185805383e+06 929225.9834248642 782635.1816782922 643613.9046527372 1.1063542807111694e+06 718759.1716424951 1.0445868379230442e+06 491290.4505843489 491290.4505843489 
491290.4505843489 710337.3478900751 2.067673551388083e+06 1.5558361053941643e+06 1.6400987042413126e+06 2.5238200634875274e+06 2.7834415969191077e+06 4.1603342590368916e+06 635977.9206813986 2.841665480867656e+06 1.2751259281224238e+06 491290.4505843489 491290.4505843489 
491290.4505843489 491290.4505843489 491290.4505843489 491290.4505843489 586103.4542339705 665460.2686272749 688386.3417981357 54385.91700537352 365514.0906807203 5.774046763160925e+06 215190.49127455222 491290.4505843489 491290.4505843489 
491290.4505843489 491290.4505843489 491290.4505843489 491290.4505843489 491290.4505843489 491290.4505843489 524362.5754682054 1072.181355764103 5.680077574432944e+06 1.4926315930388821e+06 354785.7896896788 491290.4505843489 491290.4505843489 
491290.4505843489 491290.4505843489 491290.4505843489 491290.4505843489 491290.4505843489 573297.5879681304 59202.72382298663 740313.0150683855 4.986851234250788e+06 163966.88951085662 491290.4505843489 491290.4505843489 491290.4505843489 
491290.4505843489 491290.4505843489 491290.4505843489 491290.4505843489 494449.2661852037 432260.87075097766 101494.07076885291 6.009867065178583e+06 1.0793861215848462e+06 418981.35707872186 491290.4505843489 491290.4505843489 491290.4505843489 
491290.4505843489 491290.4505843489 491290.4505843489 491290.4505843489 721370.5701784064 66254.01619934382 2.8138702103757393e+06 4.703860125316796e+06 161734.99712462464 491290.4505843489 491290.4505843489 491290.4505843489 491290.4505843489 
491290.4505843489 491290.4505843489 491290.4505843489 557509.3330180655 59529.7656144565 196760.10637613185 6.27907139764966e+06 295351.1053430538 446967.29949550953 491290.4505843489 491290.4505843489 491290.4505843489 491290.4505843489 
491290.4505843489 491290.4505843489 491290.4505843489 437916.95645193884 30808.313094954738 3.8947203636835767e+06 2.56003701531211e+06 425755.3849101762 491290.4505843489 491290.4505843489 491290.4505843489 491290.4505843489 491290.4505843489 
491290.4505843489 491290.4505843489 491290.4505843489 205325.3394150165 1.3857575337639735e+06 7.625005402364693e+06 758418.8572763301 393002.16157498286 491290.4505843489 491290.4505843489 491290.4505843489 491290.4505843489 491290.4505843489 

3.477021716774959 3.477021716774959 3.477021716774959 3.477021716774959 3.477021716774959 3.477021716774959 3.477021716774959 3.477021716774959 3.477021716774959 3.477021716774959 3.477021716774959 3.477021716774959 3.477021716774959 
3.477021716774959 3.477021716774959 3.477021716774959 3.477021716774959 3.477021716774959 3.477021716774959 3.477021716774959 3.477021716774959 3.477021716774959 3.477021716774959 3.477021716774959 3.477021716774959 3.477021716774959 
3.477021716774959 948.6900970908066 12310.05014394431 14746.508251178391 9953.232088258721 7815.92803265652 7731.038204383449 7731.038204383449 7406.4272351541385 2527.252395269474 4.202480077555879 3.477021716774959 3.477021716774959 
3.477021716774959 24.35756594126873 1713.7980549116412 726.6234206089152 132.82932791486027 204.66330409528436 256.7891490962762 206.5557240770988 694.736045495668 1083.6928175797777 759.3548553110136 3.477021716774959 3.477021716774959 
3.477021716774959 372.2625016805617 4877.775732920235 15385.035914534285 14121.926975548082 14610.562091603908 10665.670871205755 20084.981511385053 36983.3782726763 10209.494530129474 27.76000423220066 3.477021716774959 3.477021716774959 
3.477021716774959 3.477021716774959 3.477021716774959 3.477021716774959 91.26463403353263 280.1352112097305 1041.996695343533 13143.520527943145 9410.73453152168 1924.033506766063 1232.3141308990141 3.477021716774959 3.477021716774959 
3.477021716774959 3.477021716774959 3.477021716774959 3.477021716774959 3.477021716774959 3.477021716774959 1258.2955632122057 5042.510437754629 5315.678021069529 1583.9380934998094 146.70650543588985 3.477021716774959 3.477021716774959 
3.477021716774959 3.477021716774959 3.477021716774959 3.477021716774959 3.477021716774959 47.08900595140701 9099.701898686208 7463.48853488251 2511.943239837692 1242.9112917985437 3.477021716774959 3.477021716774959 3.477021716774959 
3.477021716774959 3.477021716774959 3.477021716774959 3.477021716774959 4.262474056728541 6560.976872192616 8248.816802213149 2702.3915974683 981.5816399685427 64.23505776032445 3.477021716774959 3.477021716774959 3.477021716774959 
3.477021716774959 3.477021716774959 3.477021716774959 3.477021716774959 750.4241900727599 8696.92447021046 3608.003530702696 1867.2288164695171 1196.8127981120474 3.477021716774959 3.477021716774959 3.477021716774959 3.477021716774959 
3.477021716774959 3.477021716774959 3.477021716774959 35.15639350939294 8091.292715033577 10768.71390263764 8444.234184625284 2092.085436359634 31.090487234341527 3.477021716774959 3.477021716774959 3.477021716774959 3.477021716774959 
3.477021716774959 3.477021716774959 3.477021716774959 699.7524382599009 6629.461794016018 9404.866415034187 1084.7845633111388 62.045262430279124 3.477021716774959 3.477021716774959 3.477021716774959 3.477021716774959 3.477021716774959 
3.477021716774959 3.477021716774959 3.477021716774959 35.50296630364351 67.47377045904905 7452.4644390419 3636.1012281110507 75.57969347326801 3.477021716774959 3.477021716774959 3.477021716774959 3.477021716774959 3.477021716774959 

53853.153543486565 53853.153543486565 53853.153543486565 53853.153543486565 53853.153543486565 53853.153543486565 53853.153543486565 53853.153543486565 53853.153543486565 53853.153543486565 53853.153543486565 53853.153543486565 53853.153543486565 
53853.153543486565 53853.153543486565 53853.153543486565 53853.153543486565 53853.153543486565 53853.153543486565 53853.153543486565 53853.153543486565 53853.153543486565 53853.153543486565 53853.153543486565 53853.153543486565 53853.153543486565 
53853.153543486565 7032.961535051854 123029.466382487 738305.8740912561 1.309442298466204e+06 744332.0381996519 346674.0344453249 346674.0344453249 353439.6574033037 540225.8633696529 317679.44869423984 53853.153543486565 53853.153543486565 
53853.153543486565 95481.8112634707 2.228559851165325e+06 318930.877476541 39608.811258522175 30828.977167674846 23743.81684834936 94277.00377826729 13131.675537350186 1.7823587659899336e+06 2.3342948171544466e+06 53853.153543486565 53853.153543486565 
53853.153543486565 23884.950491780834 341404.33934880083 419995.131280753 1.3381957454996714e+06 889698.291492518 895065.4093218074 845834.7103411931 4.543941475915759e+06 1.2683984023514402e+06 2.0398850944986895e+06 53853.153543486565 53853.153543486565 
53853.153543486565 53853.153543486565 53853.153543486565 53853.153543486565 47237.143685675626 21059.515116127113 15928.688835106317 1.1689132200963688e+06 1.3355772470917574e+06 2.0249815094977876e+06 475617.7372110347 53853.153543486565 53853.153543486565 
53853.153543486565 53853.153543486565 53853.153543486565 53853.153543486565 53853.153543486565 53853.153543486565 5474.075156298638 3.4491762738873693e+06 209558.0943873763 1.2643611734597203e+06 111175.029278698 53853.153543486565 53853.153543486565 
53853.153543486565 53853.153543486565 53853.153543486565 53853.153543486565 53853.153543486565 46979.62144405761 884905.5115876134 1.0627439831878261e+06 2.013309788514478e+06 372227.92286170024 53853.153543486565 53853.153543486565 53853.153543486565 
53853.153543486565 53853.153543486565 53853.153543486565 53853.153543486565 53569.20557720816 144333.7181857523 2.2881322733566617e+06 745197.4329352794 1.0945593258987274e+06 72323.480197709 53853.153543486565 53853.153543486565 53853.153543486565 
53853.153543486565 53853.153543486565 53853.153543486565 53853.153543486565 12546.033812336022 2.473538842902364e+06 26862.57528622178 1.3371161017337767e+06 311284.5769312845 53853.153543486565 53853.153543486565 53853.153543486565 53853.153543486565 
53853.153543486565 53853.153543486565 53853.153543486565 48227.07101611183 810841.1042117411 1.8198763200329437e+06 1.7981042848272487e+06 604057.4673997192 64673.784104198385 53853.153543486565 53853.153543486565 53853.153543486565 53853.153543486565 
53853.153543486565 53853.153543486565 53853.153543486565 1496.139411365062 3.990587716137198e+06 172179.85547700047 3.882817150050586e+06 214696.28353807598 53853.153543486565 53853.153543486565 53853.153543486565 53853.153543486565 53853.153543486565 
53853.153543486565 53853.153543486565 53853.153543486565 11880.184969371307 3.1808467725092787e+06 269083.9155384474 525319.4511719748 95669.76834164406 53853.153543486565 53853.153543486565 53853.153543486565 53853.153543486565 53853.153543486565 

136196.78985717427 136196.78985717427 136196.78985717427 136196.78985717427 136196.78985717427 136196.78985717427 136196.78985717427 136196.78985717427 136196.78985717427 136196.78985717427 136196.78985717427 136196.78985717427 136196.78985717427 
136196.78985717427 136196.78985717427 136196.78985717427 136196.78985717427 136196.78985717427 136196.78985717427 136196.78985717427 136196.78985717427 136196.78985717427 136196.78985717427 136196.78985717427 136196.78985717427 136196.78985717427 
136196.78985717427 192814.2031815739 1.6216591901944804e+06 5.383037462542095e+06 5.109863473002624e+06 3.1711013320279787e+06 2.324612790229166e+06 2.324612790229166e+06 2.3155148299059845e+06 1.6038779684024455e+06 435820.0640831785 136196.78985717427 136196.78985717427 
136196.78985717427 94032.13613685369 191062.2705645282 312179.4140982242 786.7967255165187 916094.3740079401 1.7896938330463164e+06 2.0355019898625184e+06 2.52574077361916e+06 3.579300042096657e+06 1.8992411761645041e+06 136196.78985717427 136196.78985717427 
136196.78985717427 1050.226341886268 412326.5542707202 1.978649224866119e+06 3.2651871508759675e+06 4.776606395181877e+06 4.907004632977371e+06 4.639306726268762e+06 1.5301183372994296e+06 142624.47557451943 28567.3062521884 136196.78985717427 136196.78985717427 
136196.78985717427 136196.78985717427 136196.78985717427 136196.78985717427 78604.49056938577 49629.29517613524 16327.096775112852 419287.38140305376 1188.5582297090302 127.4664784153074 6874.740123279766 136196.78985717427 136196.78985717427 
136196.78985717427 136196.78985717427 136196.78985717427 136196.78985717427 136196.78985717427 136196.78985717427 227450.52166366237 133996.54225291457 33227.61973857525 121299.5475208301 61364.2704163637 136196.78985717427 136196.78985717427 
136196.78985717427 136196.78985717427 136196.78985717427 136196.78985717427 136196.78985717427 142165.2536402886 606639.9166174004 2261.2101608509943 10346.081017493185 6342.311105462638 136196.78985717427 136196.78985717427 136196.78985717427 
136196.78985717427 136196.78985717427 136196.78985717427 136196.78985717427 136433.07106277384 632829.6517434318 687836.6815200857 14837.442598860642 46890.741702193765 98372.35032181365 136196.78985717427 136196.78985717427 136196.78985717427 
136196.78985717427 136196.78985717427 136196.78985717427 136196.78985717427 206938.2628830911 788506.8579865203 32753.585711398842 194812.52945867553 2135.7183891478107 136196.78985717427 136196.78985717427 136196.78985717427 136196.78985717427 
136196.78985717427 136196.78985717427 136196.78985717427 141041.42478387975 846980.9466215547 213578.53803401065 34108.495890779 52061.15825582626 112637.12385869598 136196.78985717427 136196.78985717427 136196.78985717427 136196.78985717427 
136196.78985717427 136196.78985717427 136196.78985717427 202021.03293408809 71561.49147173598 2370.283509403356 293.25350989022695 81127.59711218078 136196.78985717427 136196.78985717427 136196.78985717427 136196.78985717427 136196.78985717427 
136196.78985717427 136196.78985717427 136196.78985717427 23537.803645183452 1.567748049998506e+06 3.6155142291849325e+06 389263.9863573946 79047.14777706904 136196.78985717427 136196.78985717427 136196.78985717427 136196.78985717427 136196.78985717427 

1.1643058086466521e+06 1.1643058086466521e+06 1.1643058086466521e+06 1.1643058086466521e+06 1.1643058086466521e+06 1.1643058086466521e+06 1.1643058086466521e+06 1.1643058086466521e+06 1.1643058086466521e+06 1.1643058086466521e+06 1.1643058086466521e+06 1.1643058086466521e+06 1.1643058086466521e+06 
1.1643058086466521e+06 1.1643058086466521e+06 1.1643058086466521e+06 1.1643058086466521e+06 1.1643058086466521e+06 1.1643058086466521e+06 1.1643058086466521e+06 1.1643058086466521e+06 1.1643058086466521e+06 1.1643058086466521e+06 1.1643058086466521e+06 1.1643058086466521e+06 1.1643058086466521e+06 
1.1643058086466521e+06 1.5272574982977672e+06 3.4738701824580715e+06 1.656610390701077e+06 938571.3301467572 1.0451694456592351e+06 1.407316672952219e+06 1.407316672952219e+06 1.3670509321775525e+06 859194.1988330168 747774.294072486 1.1643058086466521e+06 1.1643058086466521e+06 
1.1643058086466521e+06 1.7061810450236988e+06 1.9193694847047955e+06 327.49398241490564 133717.35132397836 424479.7046742131 634275.0776255126 505580.17071529734 929822.495394946 211011.29843680473 20421.598229724234 1.1643058086466521e+06 1.1643058086466521e+06 
1.1643058086466521e+06 1.2198351014481506e+06 144209.19590374935 8970.646104587497 26115.62305855557 253101.4067866225 290322.64097298344 309291.361761383 185515.45375459996 2.124081829843523e+06 18128.08921392818 1.1643058086466521e+06 1.1643058086466521e+06 
1.1643058086466521e+06 1.1643058086466521e+06 1.1643058086466521e+06 1.1643058086466521e+06 1.1096352076382444e+06 911892.0578961899 852665.0910420415 2.897661647876062e+06 1.0650990270256784e+06 3.506376565030029e+06 435550.44018259714 1.1643058086466521e+06 1.1643058086466521e+06 
1.1643058086466521e+06 1.1643058086466521e+06 1.1643058086466521e+06 1.1643058086466521e+06 1.1643058086466521e+06 1.1643058086466521e+06 1.6494923360979448e+06 5.024204668036755e+06 1.897477487788722e+06 281828.7905480029 1.0738874871889658e+06 1.1643058086466521e+06 1.1643058086466521e+06 
1.1643058086466521e+06 1.1643058086466521e+06 1.1643058086466521e+06 1.1643058086466521e+06 1.1643058086466521e+06 1.2652160038463383e+06 3.7154620741951084e+06 705351.9926666899 3.0155559199639717e+06 639061.5997228557 1.1643058086466521e+06 1.1643058086466521e+06 1.1643058086466521e+06 
1.1643058086466521e+06 1.1643058086466521e+06 1.1643058086466521e+06 1.1643058086466521e+06 1.1682617086569709e+06 2.353441547986704e+06 4.766531051743202e+06 2.2480854997711517e+06 59241.315967351235 1.1408053687151242e+06 1.1643058086466521e+06 1.1643058086466521e+06 1.1643058086466521e+06 
1.1643058086466521e+06 1.1643058086466521e+06 1.1643058086466521e+06 1.1643058086466521e+06 1.571064178683022e+06 5.406006454379652e+06 121849.23815991663 2.165790999255183e+06 721640.6812118938 1.1643058086466521e+06 1.1643058086466521e+06 1.1643058086466521e+06 1.1643058086466521e+06 
1.1643058086466521e+06 1.1643058086466521e+06 1.1643058086466521e+06 1.2460611300979115e+06 3.579393029837383e+06 2.2060788442057692e+06 4.355125843349407e+06 83771.8547274257 1.150095841751039e+06 1.1643058086466521e+06 1.1643058086466521e+06 1.1643058086466521e+06 1.1643058086466521e+06 
1.1643058086466521e+06 1.1643058086466521e+06 1.1643058086466521e+06 1.4976007004253743e+06 5.2371747195596285e+06 491439.79999992624 1.9036731403521588e+06 876899.9374452969 1.1643058086466521e+06 1.1643058086466521e+06 1.1643058086466521e+06 1.1643058086466521e+06 1.1643058086466521e+06 
1.1643058086466521e+06 1.1643058086466521e+06 1.1643058086466521e+06 1.546859199881263e+06 717529.278104857 2.0408041691014252e+06 6051.623260802908 1.0911836973993129e+06 1.1643058086466521e+06 1.1643058086466521e+06 1.1643058086466521e+06 1.1643058086466521e+06 1.1643058086466521e+06 


