491290.45055485837 491290.45055485837 491290.45055485837 491290.45055485837 491290.45055485837 491290.45055485837 491290.45055485837 491290.45055485837 491290.45055485837 491290.45055485837 491290.45055485837 491290.45055485837 491290.45055485837 
491290.45055485837 491290.45055485837 491290.45055485837 491290.45055485837 491290.45055485837 491290.45055485837 491290.45055485837 491290.45055485837 491290.45055485837 491290.45055485837 491290.45055485837 491290.45055485837 491290.45055485837 
491290.45055485837 729588.6743280636 193931.12102429412 18635.48374590873 91465.69882702063 157328.10327604387 160427.01361952414 160427.01361952414 144047.58534368445 101650.96124612646 401461.12318967824 491290.45055485837 491290.45055485837 
491290.45055485837 53914.54414043924 429899.97551813256 2.865091983473881e+06 1.9241041856898854e+06 929225.9833690859 782635.1816313133 643613.9046141033 1.1063542806447586e+06 718759.1715993504 1.0445868378603412e+06 491290.45055485837 491290.45055485837 
491290.45055485837 710337.3478474359 2.0676735512639675e+06 1.5558361053007727e+06 1.640098704142863e+06 2.523820063336031e+06 2.783441596752027e+06 4.1603342587871607e+06 635977.920643223 2.8416654806970805e+06 1.2751259280458824e+06 491290.45055485837 491290.45055485837 
491290.45055485837 491290.45055485837 491290.45055485837 491290.45055485837 586103.4541987886 665460.2685873295 688386.3417568142 54385.917002108916 365514.0906587797 5.774046762814329e+06 215190.49126163506 491290.45055485837 491290.45055485837 
491290.45055485837 491290.45055485837 491290.45055485837 491290.45055485837 491290.45055485837 491290.45055485837 524362.5754367297 1072.1813556997436 5.680077574091988e+06 1.4926315929492845e+06 354785.7896683822 491290.45055485837 491290.45055485837 
491290.45055485837 491290.45055485837 491290.45055485837 491290.45055485837 491290.45055485837 573297.5879337172 59202.72381943289 740313.015023947 4.986851233951444e+06 163966.88950101423 491290.45055485837 491290.45055485837 491290.45055485837 
491290.45055485837 491290.45055485837 491290.45055485837 491290.45055485837 494449.26615552354 432260.8707250305 101494.07076276056 6.009867064817831e+06 1.0793861215200543e+06 418981.3570535718 491290.45055485837 491290.45055485837 491290.45055485837 
491290.45055485837 491290.45055485837 491290.45055485837 491290.45055485837 721370.5701351049 66254.01619536681 2.8138702102068323e+06 4.703860125034439e+06 161734.99711491624 491290.45055485837 491290.45055485837 491290.45055485837 491290.45055485837 
491290.45055485837 491290.45055485837 491290.45055485837 557509.3329846001 59529.76561088312 196760.106364321 6.279071397272748e+06 295351.10532532487 446967.2994686796 491290.45055485837 491290.45055485837 491290.45055485837 491290.45055485837 
491290.45055485837 491290.45055485837 491290.45055485837 437916.95642565214 30808.31309310542 3.8947203634497896e+06 2.5600370151584395e+06 425755.38488461956 491290.45055485837 491290.45055485837 491290.45055485837 491290.45055485837 491290.45055485837 
491290.45055485837 491290.45055485837 491290.45055485837 205325.3394026915 1.385757533680791e+06 7.6250054019069895e+06 758418.8572308047 393002.1615513923 491290.45055485837 491290.45055485837 491290.45055485837 491290.45055485837 491290.45055485837 

3.477021716566245 3.477021716566245 3.477021716566245 3.477021716566245 3.477021716566245 3.477021716566245 3.477021716566245 3.477021716566245 3.477021716566245 3.477021716566245 3.477021716566245 3.477021716566245 3.477021716566245 
3.477021716566245 3.477021716566245 3.477021716566245 3.477021716566245 3.477021716566245 3.477021716566245 3.477021716566245 3.477021716566245 3.477021716566245 3.477021716566245 3.477021716566245 3.477021716566245 3.477021716566245 
3.477021716566245 948.69009703386 12310.050143205379 14746.508250293207 9953.232087661261 7815.928032187357 7731.03820391938 7731.03820391938 7406.427234709556 2527.252395117772 4.202480077303618 3.477021716566245 3.477021716566245 
3.477021716566245 24.35756593980663 1713.7980548087676 726.6234205652985 132.82932790688696 204.6633040829991 256.78914908086205 206.55572406469994 694.7360454539653 1083.6928175147273 759.3548552654321 3.477021716566245 3.477021716566245 
3.477021716566245 372.262501658216 4877.775732627439 15385.035913610773 14121.92697470039 14610.562090726884 10665.670870565531 20084.98151017942 36983.37827045631 10209.494529516633 27.76000423053432 3.477021716566245 3.477021716566245 
3.477021716566245 3.477021716566245 3.477021716566245 3.477021716566245 91.26463402805432 280.13521119291494 1041.9966952809855 13143.520527154184 9410.734530956786 1924.0335066505697 1232.3141308250424 3.477021716566245 3.477021716566245 
3.477021716566245 3.477021716566245 3.477021716566245 3.477021716566245 3.477021716566245 3.477021716566245 1258.2955631366744 5042.510437451943 5315.678020750446 1583.9380934047308 146.70650542708356 3.477021716566245 3.477021716566245 
3.477021716566245 3.477021716566245 3.477021716566245 3.477021716566245 3.477021716566245 47.089005948580414 9099.701898139983 7463.488534434502 2511.9432396869083 1242.9112917239358 3.477021716566245 3.477021716566245 3.477021716566245 
3.477021716566245 3.477021716566245 3.477021716566245 3.477021716566245 4.262474056472679 6560.976871798783 8248.816801718 2702.3915973060843 981.5816399096217 64.23505775646863 3.477021716566245 3.477021716566245 3.477021716566245 
3.477021716566245 3.477021716566245 3.477021716566245 3.477021716566245 750.4241900277144 8696.924469688413 3608.00353048612 1867.2288163574337 1196.8127980402066 3.477021716566245 3.477021716566245 3.477021716566245 3.477021716566245 
3.477021716566245 3.477021716566245 3.477021716566245 35.15639350728262 8091.292714547884 10768.71390199123 8444.234184118404 2092.0854362340533 31.09048723247527 3.477021716566245 3.477021716566245 3.477021716566245 3.477021716566245 
3.477021716566245 3.477021716566245 3.477021716566245 699.7524382178972 6629.461793618074 9404.866414469643 1084.7845632460228 62.04526242655476 3.477021716566245 3.477021716566245 3.477021716566245 3.477021716566245 3.477021716566245 
3.477021716566245 3.477021716566245 3.477021716566245 35.50296630151239 67.47377045499883 7452.464438594553 3636.101227892788 75.57969346873121 3.477021716566245 3.477021716566245 3.477021716566245 3.477021716566245 3.477021716566245 

53853.15354025394 53853.15354025394 53853.15354025394 53853.15354025394 53853.15354025394 53853.15354025394 53853.15354025394 53853.15354025394 53853.15354025394 53853.15354025394 53853.15354025394 53853.15354025394 53853.15354025394 
53853.15354025394 53853.15354025394 53853.15354025394 53853.15354025394 53853.15354025394 53853.15354025394 53853.15354025394 53853.15354025394 53853.15354025394 53853.15354025394 53853.15354025394 53853.15354025394 53853.15354025394 
53853.15354025394 7032.96153462969 123029.46637510194 738305.874046938 1.3094422983876024e+06 744332.0381549721 346674.0344245152 346674.0344245152 353439.6573820879 540225.8633372249 317679.4486751706 53853.15354025394 53853.15354025394 
53853.15354025394 95481.81125773926 2.228559851031552e+06 318930.87745739665 39608.81125614459 30828.977165824286 23743.8168469241 94277.00377260815 13131.675536561936 1.7823587658829447e+06 2.334294817014327e+06 53853.15354025394 53853.15354025394 
53853.15354025394 23884.9504903471 341404.3393283075 419995.1312555421 1.338195745419344e+06 889698.2914391124 895065.4092680797 845834.7102904205 4.5439414756430015e+06 1.2683984022753024e+06 2.039885094376242e+06 53853.15354025394 53853.15354025394 
53853.15354025394 53853.15354025394 53853.15354025394 53853.15354025394 47237.14368284014 21059.51511486298 15928.68883415017 1.168913220026203e+06 1.335577247011587e+06 2.0249815093762346e+06 475617.73718248494 53853.15354025394 53853.15354025394 
53853.15354025394 53853.15354025394 53853.15354025394 53853.15354025394 53853.15354025394 53853.15354025394 5474.0751559700475 3.449176273680327e+06 209558.09437479722 1.264361173383825e+06 111175.02927202453 53853.15354025394 53853.15354025394 
53853.15354025394 53853.15354025394 53853.15354025394 53853.15354025394 53853.15354025394 46979.62144123758 884905.5115344955 1.062743983124033e+06 2.0133097883936258e+06 372227.92283935664 53853.15354025394 53853.15354025394 53853.15354025394 
53853.15354025394 53853.15354025394 53853.15354025394 53853.15354025394 53569.20557399258 144333.71817708845 2.2881322732193125e+06 745197.4328905478 1.0945593258330247e+06 72323.48019336766 53853.15354025394 53853.15354025394 53853.15354025394 
53853.15354025394 53853.15354025394 53853.15354025394 53853.15354025394 12546.033811582925 2.473538842753886e+06 26862.575284609313 1.3371161016535142e+06 311284.57691259915 53853.15354025394 53853.15354025394 53853.15354025394 53853.15354025394 
53853.15354025394 53853.15354025394 53853.15354025394 48227.071013216926 810841.104163069 1.8198763199237026e+06 1.7981042847193144e+06 604057.4673634596 64673.78410031623 53853.15354025394 53853.15354025394 53853.15354025394 53853.15354025394 
53853.15354025394 53853.15354025394 53853.15354025394 1496.1394112752537 3.990587715897656e+06 172179.8554666651 3.882817149817514e+06 214696.28352518848 53853.15354025394 53853.15354025394 53853.15354025394 53853.15354025394 53853.15354025394 
53853.15354025394 53853.15354025394 53853.15354025394 11880.184968658179 3.180846772318343e+06 269083.91552229517 525319.4511404416 95669.76833590132 53853.15354025394 53853.15354025394 53853.15354025394 53853.15354025394 53853.15354025394 

136196.78984899883 136196.78984899883 136196.78984899883 136196.78984899883 136196.78984899883 136196.78984899883 136196.78984899883 136196.78984899883 136196.78984899883 136196.78984899883 136196.78984899883 136196.78984899883 136196.78984899883 
136196.78984899883 136196.78984899883 136196.78984899883 136196.78984899883 136196.78984899883 136196.78984899883 136196.78984899883 136196.78984899883 136196.78984899883 136196.78984899883 136196.78984899883 136196.78984899883 136196.78984899883 
136196.78984899883 192814.2031699999 1.6216591900971376e+06 5.383037462218969e+06 5.1098634726958955e+06 3.171101331837628e+06 2.3246127900896273e+06 2.3246127900896273e+06 2.315514829766992e+06 1.60387796830617e+06 435820.06405701773 136196.78984899883 136196.78984899883 
136196.78984899883 94032.13613120925 191062.27055305938 312179.4140794851 786.7967254692899 916094.37395295 1.7896938329388872e+06 2.035501989740334e+06 2.525740773467548e+06 3.579300041881804e+06 1.899241176050499e+06 136196.78984899883 136196.78984899883 
136196.78984899883 1050.2263418232264 412326.55424596963 1.9786492247473472e+06 3.265187150679969e+06 4.776606394895153e+06 4.90700463268282e+06 4.63930672599028e+06 1.5301183372075816e+06 142624.47556595816 28567.306250473597 136196.78984899883 136196.78984899883 
136196.78984899883 136196.78984899883 136196.78984899883 136196.78984899883 78604.4905646674 49629.295173156155 16327.096774132791 419287.38137788535 1188.5582296376851 127.46647840765603 6874.740122867098 136196.78984899883 136196.78984899883 
136196.78984899883 136196.78984899883 136196.78984899883 136196.78984899883 136196.78984899883 136196.78984899883 227450.52165000926 133996.5422448712 33227.61973658071 121299.5475135489 61364.27041268021 136196.78984899883 136196.78984899883 
136196.78984899883 136196.78984899883 136196.78984899883 136196.78984899883 136196.78984899883 142165.2536317549 606639.9165809858 2261.2101607152613 10346.081016872144 6342.31110508193 136196.78984899883 136196.78984899883 136196.78984899883 
136196.78984899883 136196.78984899883 136196.78984899883 136196.78984899883 136433.07105458423 632829.6517054451 687836.6814787971 14837.442597969999 46890.74169937907 98372.35031590868 136196.78984899883 136196.78984899883 136196.78984899883 
136196.78984899883 136196.78984899883 136196.78984899883 136196.78984899883 206938.2628706693 788506.8579391888 32753.585709432755 194812.52944698159 2135.7183890196106 136196.78984899883 136196.78984899883 136196.78984899883 136196.78984899883 
136196.78984899883 136196.78984899883 136196.78984899883 141041.4247754135 846980.9465707132 213578.53802119024 34108.49588873158 52061.1582527012 112637.12385193475 136196.78984899883 136196.78984899883 136196.78984899883 136196.78984899883 
136196.78984899883 136196.78984899883 136196.78984899883 202021.03292196145 71561.49146744038 2370.2835092610762 293.2535098726239 81127.59710731097 136196.78984899883 136196.78984899883 136196.78984899883 136196.78984899883 136196.78984899883 
136196.78984899883 136196.78984899883 136196.78984899883 23537.803643770556 1.5677480499043993e+06 3.6155142289679055e+06 389263.9863340284 79047.14777232411 136196.78984899883 136196.78984899883 136196.78984899883 136196.78984899883 136196.78984899883 

1.1643058085767627e+06 1.1643058085767627e+06 1.1643058085767627e+06 1.1643058085767627e+06 1.1643058085767627e+06 1.1643058085767627e+06 1.1643058085767627e+06 1.1643058085767627e+06 1.1643058085767627e+06 1.1643058085767627e+06 1.1643058085767627e+06 1.1643058085767627e+06 1.1643058085767627e+06 
1.1643058085767627e+06 1.1643058085767627e+06 1.1643058085767627e+06 1.1643058085767627e+06 1.1643058085767627e+06 1.1643058085767627e+06 1.1643058085767627e+06 1.1643058085767627e+06 1.1643058085767627e+06 1.1643058085767627e+06 1.1643058085767627e+06 1.1643058085767627e+06 1.1643058085767627e+06 
1.1643058085767627e+06 1.527257498206091e+06 3.4738701822495465e+06 1.6566103906016361e+06 938571.3300904179 1.0451694455964972e+06 1.4073166728677424e+06 1.4073166728677424e+06 1.367050932095493e+06 859194.1987814422 747774.2940275996 1.1643058085767627e+06 1.1643058085767627e+06 
1.1643058085767627e+06 1.7061810449212824e+06 1.9193694845895823e+06 327.49398239524726 133717.35131595176 424479.70464873296 634275.0775874392 505580.17068494903 929822.4953391318 211011.29842413843 20421.598228498395 1.1643058085767627e+06 1.1643058085767627e+06 
1.1643058085767627e+06 1.219835101374928e+06 144209.19589509297 8970.64610404902 26115.623056987937 253101.40677142967 290322.64095555636 309291.3617428173 185515.45374346408 2.1240818297160217e+06 18128.089212840012 1.1643058085767627e+06 1.1643058085767627e+06 
1.1643058085767627e+06 1.1643058085767627e+06 1.1643058085767627e+06 1.1643058085767627e+06 1.1096352075716367e+06 911892.0578414521 852665.090990859 2.897661647702125e+06 1.065099026961744e+06 3.506376564819553e+06 435550.44015645253 1.1643058085767627e+06 1.1643058085767627e+06 
1.1643058085767627e+06 1.1643058085767627e+06 1.1643058085767627e+06 1.1643058085767627e+06 1.1643058085767627e+06 1.1643058085767627e+06 1.6494923359989312e+06 5.024204667735169e+06 1.8974774876748228e+06 281828.79053108563 1.0738874871245038e+06 1.1643058085767627e+06 1.1643058085767627e+06 
1.1643058085767627e+06 1.1643058085767627e+06 1.1643058085767627e+06 1.1643058085767627e+06 1.1643058085767627e+06 1.2652160037703915e+06 3.7154620739720818e+06 705351.99262435 3.015555919782958e+06 639061.599684495 1.1643058085767627e+06 1.1643058085767627e+06 1.1643058085767627e+06 
1.1643058085767627e+06 1.1643058085767627e+06 1.1643058085767627e+06 1.1643058085767627e+06 1.1682617085868441e+06 2.353441547845435e+06 4.766531051457083e+06 2.248085499636207e+06 59241.315963795176 1.1408053686466455e+06 1.1643058085767627e+06 1.1643058085767627e+06 1.1643058085767627e+06 
1.1643058085767627e+06 1.1643058085767627e+06 1.1643058085767627e+06 1.1643058085767627e+06 1.5710641785887163e+06 5.406006454055147e+06 121849.23815260243 2.165790999125178e+06 721640.6811685761 1.1643058085767627e+06 1.1643058085767627e+06 1.1643058085767627e+06 1.1643058085767627e+06 
1.1643058085767627e+06 1.1643058085767627e+06 1.1643058085767627e+06 1.2460611300231146e+06 3.579393029622524e+06 2.206078844073346e+06 4.355125843087984e+06 83771.85472239715 1.1500958416820026e+06 1.1643058085767627e+06 1.1643058085767627e+06 1.1643058085767627e+06 1.1643058085767627e+06 
1.1643058085767627e+06 1.1643058085767627e+06 1.1643058085767627e+06 1.4976007003354784e+06 5.237174719245259e+06 491439.7999704268 1.9036731402378876e+06 876899.9373926595 1.1643058085767627e+06 1.1643058085767627e+06 1.1643058085767627e+06 1.1643058085767627e+06 1.1643058085767627e+06 
1.1643058085767627e+06 1.1643058085767627e+06 1.1643058085767627e+06 1.5468591997884102e+06 717529.2780617861 2.0408041689789225e+06 6051.623260439649 1.0911836973338127e+06 1.1643058085767627e+06 1.1643058085767627e+06 1.1643058085767627e+06 1.1643058085767627e+06 1.1643058085767627e+06 


