0 0 0 0 0 0 0 0 0 0 0 0 0 0 0 0 0 0 0 0 0 0 0 0 0 0 0 0 0 
0 0 0 0 0 0 0 0 0 0 0 0 0 0 0 0 0 0 0 0 0 0 0 0 0 0 0 0 0 
0 0 0 0 0 0 0 0 0 0 0 0 0 0 0 0 0 0 0 0 0 0 0 0 0 0 0 0 0 
0 0 0 0 0 0 0 0 0 0 0 0 0 0 0 0 0 0 0 0 0 0 0 0 0 0 0 0 0 
0 0 0 0 0 0 0 0 0 0 0 0 0 0 0 0 0 0 0 0 0 0 0 0 0 0 0 0 0 
0 0 0 0 0 0 0 0 0 0 0 0 0 0 0 0 0 0 0 0 0 0 0 0 0 0 0 0 0 
0 0 0 0 0 0 0 0 0 0 0 0 0 0 0 0 0 0 0 0 0 0 0 0 0 0 0 0 0 
0 0 0 0 0 0 0.328125 0.72265625 0.62109375 0.58984375 0.234375 0.140625 0 0 0 0 0 0 0 0 0 0 0 0 0 0 0 0 0 
0 0 0 0 0 0 0.8671875 0.9921875 0.9921875 0.9921875 0.9921875 0.94140625 0.7734375 0.7734375 0.7734375 0.7734375 0.7734375 0.7734375 0.7734375 0.7734375 0.6640625 0.203125 0 0 0 0 0 0 0 
0 0 0 0 0 0 0.26171875 0.4453125 0.28125 0.4453125 0.63671875 0.88671875 0.9921875 0.87890625 0.9921875 0.9921875 0.9921875 0.9765625 0.89453125 0.9921875 0.9921875 0.546875 0 0 0 0 0 0 0 
0 0 0 0 0 0 0 0 0 0 0 0.06640625 0.2578125 0.0546875 0.26171875 0.26171875 0.26171875 0.23046875 0.08203125 0.921875 0.9921875 0.4140625 0 0 0 0 0 0 0 
0 0 0 0 0 0 0 0 0 0 0 0 0 0 0 0 0 0 0.32421875 0.98828125 0.81640625 0.0703125 0 0 0 0 0 0 0 
0 0 0 0 0 0 0 0 0 0 0 0 0 0 0 0 0 0.0859375 0.91015625 0.99609375 0.32421875 0 0 0 0 0 0 0 0 
0 0 0 0 0 0 0 0 0 0 0 0 0 0 0 0 0 0.50390625 0.9921875 0.9296875 0.171875 0 0 0 0 0 0 0 0 
0 0 0 0 0 0 0 0 0 0 0 0 0 0 0 0 0.23046875 0.97265625 0.9921875 0.2421875 0 0 0 0 0 0 0 0 0 
0 0 0 0 0 0 0 0 0 0 0 0 0 0 0 0 0.51953125 0.9921875 0.73046875 0.01953125 0 0 0 0 0 0 0 0 0 
0 0 0 0 0 0 0 0 0 0 0 0 0 0 0 0.03515625 0.80078125 0.96875 0.2265625 0 0 0 0 0 0 0 0 0 0 
0 0 0 0 0 0 0 0 0 0 0 0 0 0 0 0.4921875 0.9921875 0.7109375 0 0 0 0 0 0 0 0 0 0 0 
0 0 0 0 0 0 0 0 0 0 0 0 0 0 0.29296875 0.98046875 0.9375 0.22265625 0 0 0 0 0 0 0 0 0 0 0 
0 0 0 0 0 0 0 0 0 0 0 0 0 0.07421875 0.86328125 0.9921875 0.6484375 0 0 0 0 0 0 0 0 0 0 0 0 
0 0 0 0 0 0 0 0 0 0 0 0 0.01171875 0.79296875 0.9921875 0.85546875 0.13671875 0 0 0 0 0 0 0 0 0 0 0 0 
0 0 0 0 0 0 0 0 0 0 0 0 0.1484375 0.9921875 0.9921875 0.30078125 0 0 0 0 0 0 0 0 0 0 0 0 0 
0 0 0 0 0 0 0 0 0 0 0 0.12109375 0.875 0.9921875 0.44921875 0.00390625 0 0 0 0 0 0 0 0 0 0 0 0 0 
0 0 0 0 0 0 0 0 0 0 0 0.51953125 0.9921875 0.9921875 0.203125 0 0 0 0 0 0 0 0 0 0 0 0 0 0 
0 0 0 0 0 0 0 0 0 0 0.23828125 0.9453125 0.9921875 0.9921875 0.203125 0 0 0 0 0 0 0 0 0 0 0 0 0 0 
0 0 0 0 0 0 0 0 0 0 0.47265625 0.9921875 0.9921875 0.85546875 0.15625 0 0 0 0 0 0 0 0 0 0 0 0 0 0 
0 0 0 0 0 0 0 0 0 0 0.47265625 0.9921875 0.80859375 0.0703125 0 0 0 0 0 0 0 0 0 0 0 0 0 0 0 
0 0 0 0 0 0 0 0 0 0 0 0 0 0 0 0 0 0 0 0 0 0 0 0 0 0 0 0 0 
0 0 0 0 0 0 0 0 0 0 0 0 0 0 0 0 0 0 0 0 0 0 0 0 0 0 0 0 0 
20.883681198570326 0.6304508574414713 71.21800770065032 0.9897256105651997 0.5136442256762391 6.767934685588606 3.458999832252325 17.045593400735495 1.9438151453389352 12.309203780742477 7.3999834568118406 129.08832056120156 0.14207391561945432 10.637361140995763 1.1733103094226442 0.6010182284417434 4.746415565300454 56.35113291413046 1.180382049900068 25.599184965140523 7.369494362703827 21.421978100042402 31.55557646699327 22.186407829963002 71.34541941741104 5.5238014193193505 8.059264875635938 4.356916188989751 0.8213571709475261 54.95619823876257 4.2736828489295435 25.299483004817436 0.4830671614317113 3.629117771704403 4.689291568139281 20.930909853641683 5.444467043311695 0.8852636681135931 7.664278393623104 0.1402358153808803 9.31177531568037 33.266689331719235 0.7008891869189451 23.226205469269377 3.9633754045465586 3.299322935053867 13.031454590277932 1.7944805338103424 0.0008772795616088249 4.867436055715269 0.10827309169711062 14.631211431034673 3.5061737582424106 69.42335980493107 18.01063990219119 0.8860740049858413 6.46544704777829 39.533898094627666 1.8265186032609462 0.9851500457623605 7.629474945150049 1.2102146107190654 37.884787445293334 66.52802496548372 86.34450533888267 14.295583400916396 1.452255479153491 3.4347886934575507 7.154686327339017 0.0023433632971653373 44.47122409046665 0.191201799577088 1.0616897057226324 47.75108912921908 4.78517431993518 0.08323184264659422 9.519276689854518 1.4993715709915512 10.855969772534275 46.801987398200815 2.015116251414061 35.194797643525874 4.176746598863324 44.65087128357666 35.59614579821465 0.12967440389154836 17.614952777622065 6.45569686404374 8.63184647288923 24.713865040226697 8.242067891516735 134.95357896784444 0.6971605706214653 0.3128901111210749 12.365524575736652 17.996526124065653 7.638969832414766 32.56533891673566 1.0178022555748596 1.8487523662811678 
