0 0 0 0 0 0 0 0 0 0 0 0 0 0 0 0 0 0 0 0 0 0 0 0 0 0 0 0 0 
0 0 0 0 0 0 0 0 0 0 0 0 0 0 0 0 0 0 0 0 0 0 0 0 0 0 0 0 0 
0 0 0 0 0 0 0 0 0 0 0 0 0 0 0 0 0 0 0 0 0 0 0 0 0 0 0 0 0 
0 0 0 0 0 0 0 0 0 0 0 0 0 0 0 0 0 0 0 0 0 0 0 0 0 0 0 0 0 
0 0 0 0 0 0 0 0 0 0 0 0 0 0 0 0 0 0 0 0 0 0 0 0 0 0 0 0 0 
0 0 0 0 0 0 0 0 0 0 0 0 0 0 0 0 0 0 0 0 0 0 0 0 0 0 0 0 0 
0 0 0 0 0 0 0 0 0 0 0 0 0 0 0 0 0 0 0 0 0 0 0 0 0 0 0 0 0 
0 0 0 0 0 0 0.328125 0.72265625 0.62109375 0.58984375 0.234375 0.140625 0 0 0 0 0 0 0 0 0 0 0 0 0 0 0 0 0 
0 0 0 0 0 0 0.8671875 0.9921875 0.9921875 0.9921875 0.9921875 0.94140625 0.7734375 0.7734375 0.7734375 0.7734375 0.7734375 0.7734375 0.7734375 0.7734375 0.6640625 0.203125 0 0 0 0 0 0 0 
0 0 0 0 0 0 0.26171875 0.4453125 0.28125 0.4453125 0.63671875 0.88671875 0.9921875 0.87890625 0.9921875 0.9921875 0.9921875 0.9765625 0.89453125 0.9921875 0.9921875 0.546875 0 0 0 0 0 0 0 
0 0 0 0 0 0 0 0 0 0 0 0.06640625 0.2578125 0.0546875 0.26171875 0.26171875 0.26171875 0.23046875 0.08203125 0.921875 0.9921875 0.4140625 0 0 0 0 0 0 0 
0 0 0 0 0 0 0 0 0 0 0 0 0 0 0 0 0 0 0.32421875 0.98828125 0.81640625 0.0703125 0 0 0 0 0 0 0 
0 0 0 0 0 0 0 0 0 0 0 0 0 0 0 0 0 0.0859375 0.91015625 0.99609375 0.32421875 0 0 0 0 0 0 0 0 
0 0 0 0 0 0 0 0 0 0 0 0 0 0 0 0 0 0.50390625 0.9921875 0.9296875 0.171875 0 0 0 0 0 0 0 0 
0 0 0 0 0 0 0 0 0 0 0 0 0 0 0 0 0.23046875 0.97265625 0.9921875 0.2421875 0 0 0 0 0 0 0 0 0 
0 0 0 0 0 0 0 0 0 0 0 0 0 0 0 0 0.51953125 0.9921875 0.73046875 0.01953125 0 0 0 0 0 0 0 0 0 
0 0 0 0 0 0 0 0 0 0 0 0 0 0 0 0.03515625 0.80078125 0.96875 0.2265625 0 0 0 0 0 0 0 0 0 0 
0 0 0 0 0 0 0 0 0 0 0 0 0 0 0 0.4921875 0.9921875 0.7109375 0 0 0 0 0 0 0 0 0 0 0 
0 0 0 0 0 0 0 0 0 0 0 0 0 0 0.29296875 0.98046875 0.9375 0.22265625 0 0 0 0 0 0 0 0 0 0 0 
0 0 0 0 0 0 0 0 0 0 0 0 0 0.07421875 0.86328125 0.9921875 0.6484375 0 0 0 0 0 0 0 0 0 0 0 0 
0 0 0 0 0 0 0 0 0 0 0 0 0.01171875 0.79296875 0.9921875 0.85546875 0.13671875 0 0 0 0 0 0 0 0 0 0 0 0 
0 0 0 0 0 0 0 0 0 0 0 0 0.1484375 0.9921875 0.9921875 0.30078125 0 0 0 0 0 0 0 0 0 0 0 0 0 
0 0 0 0 0 0 0 0 0 0 0 0.12109375 0.875 0.9921875 0.44921875 0.00390625 0 0 0 0 0 0 0 0 0 0 0 0 0 
0 0 0 0 0 0 0 0 0 0 0 0.51953125 0.9921875 0.9921875 0.203125 0 0 0 0 0 0 0 0 0 0 0 0 0 0 
0 0 0 0 0 0 0 0 0 0 0.23828125 0.9453125 0.9921875 0.9921875 0.203125 0 0 0 0 0 0 0 0 0 0 0 0 0 0 
0 0 0 0 0 0 0 0 0 0 0.47265625 0.9921875 0.9921875 0.85546875 0.15625 0 0 0 0 0 0 0 0 0 0 0 0 0 0 
0 0 0 0 0 0 0 0 0 0 0.47265625 0.9921875 0.80859375 0.0703125 0 0 0 0 0 0 0 0 0 0 0 0 0 0 0 
0 0 0 0 0 0 0 0 0 0 0 0 0 0 0 0 0 0 0 0 0 0 0 0 0 0 0 0 0 
0 0 0 0 0 0 0 0 0 0 0 0 0 0 0 0 0 0 0 0 0 0 0 0 0 0 0 0 0 
[1.36898661 -0.003641948 -0.4532477 -0.720797837 -2.10748053]
1.36898661 1.36898661 1.36898661 1.36898661 1.36898661 1.36898661 1.36898661 1.36898661 1.36898661 1.36898661 1.36898661 1.36898661 1.36898661 
1.36898661 1.36898661 1.36898661 1.36898661 1.36898661 1.36898661 1.36898661 1.36898661 1.36898661 1.36898661 1.36898661 1.36898661 1.36898661 
1.36898661 1.668280528265625 0.8601095959765626 0.2666246966976562 0.5906893864070315 0.7746993516023439 0.7822918190718751 0.7822918190718751 0.7412812758531251 0.6227099195562501 1.2375187468828126 1.36898661 1.36898661 
1.36898661 0.45350596921093767 1.2806007422695314 3.305973163097656 2.709220363117187 1.8827415696015621 1.7278646611789061 1.5669052945375 2.0543628328968753 1.6558528456789063 1.9961920133328128 1.36898661 1.36898661 
1.36898661 1.646123305984375 2.808477993898437 2.4361945194609373 2.5012956726562505 3.102838941121094 3.2585252873281254 3.9837690346054693 1.5575824969726566 3.292429731829687 2.205497538208594 1.36898661 1.36898661 
1.36898661 1.36898661 1.36898661 1.36898661 1.495261597214844 1.5932763310117188 1.6204892766054688 0.4554841477773437 1.1808156512273436 4.693212162016406 0.9060279127070312 1.36898661 1.36898661 
1.36898661 1.36898661 1.36898661 1.36898661 1.36898661 1.36898661 1.414314138625 -0.06395347751171876 4.654865883183595 2.38619732130625 1.1633573748984376 1.36898661 1.36898661 
1.36898661 1.36898661 1.36898661 1.36898661 1.36898661 1.4788362793359375 0.4752267550039062 1.6804969604609377 4.361574001003907 0.7908754927500001 1.36898661 1.36898661 1.36898661 
1.36898661 1.36898661 1.36898661 1.36898661 1.3733805967734376 1.2841122854296876 -0.6222291814242185 4.788091839024219 2.0291700979257814 1.2642337747031251 1.36898661 1.36898661 1.36898661 
1.36898661 1.36898661 1.36898661 1.36898661 1.6588581438437502 -0.5027315530351564 3.2762879905007813 4.236012553906249 0.7854744115820312 1.36898661 1.36898661 1.36898661 1.36898661 
1.36898661 1.36898661 1.36898661 1.4583310077265625 0.47653754741796894 0.86636034058125 4.894155339774219 1.0614495060453126 1.3057736921484375 1.36898661 1.36898661 1.36898661 1.36898661 
1.36898661 1.36898661 1.36898661 1.292486215109375 0.34281830131250013 3.8545011507101563 3.1250225921781247 1.2744127677265626 1.36898661 1.36898661 1.36898661 1.36898661 1.36898661 
1.36898661 1.36898661 1.36898661 0.8850163901210939 2.2991836539414066 5.393244594585939 1.700922790980469 1.2244118061562501 1.36898661 1.36898661 1.36898661 1.36898661 1.36898661 

-0.003641948 -0.003641948 -0.003641948 -0.003641948 -0.003641948 -0.003641948 -0.003641948 -0.003641948 -0.003641948 -0.003641948 -0.003641948 -0.003641948 -0.003641948 
-0.003641948 -0.003641948 -0.003641948 -0.003641948 -0.003641948 -0.003641948 -0.003641948 -0.003641948 -0.003641948 -0.003641948 -0.003641948 -0.003641948 -0.003641948 
-0.003641948 -0.060157838384374995 -0.21670051827578124 -0.23717812862890625 -0.19485524686015623 -0.17267136210937498 -0.17173109880546875 -0.17173109880546875 -0.16808711348671876 -0.09818708062265624 0.004003896759375003 -0.003641948 -0.003641948 
-0.003641948 0.009639332974218755 0.08085555487109373 0.05264834637070312 0.022510079385937496 0.027941520117187514 0.03129812877539063 0.02807040355585938 -0.051480167957421885 -0.06429587877734375 0.0538210822078125 -0.003641948 -0.003641948 
-0.003641948 -0.03768379953203125 -0.13640834926640624 -0.2422586519222656 -0.2321010043402344 -0.23608233999335937 -0.20170846661953123 -0.2767997905472656 -0.3756066985050782 -0.19734774096796875 0.010290578809374996 -0.003641948 -0.003641948 
-0.003641948 -0.003641948 -0.003641948 -0.003641948 -0.018658696360546873 -0.032689922363671874 -0.06304682342734376 -0.22391639470039063 -0.18947058685390622 -0.08567149675820313 -0.06856314859492188 -0.003641948 -0.003641948 
-0.003641948 -0.003641948 -0.003641948 -0.003641948 -0.003641948 -0.003641948 -0.06928215242070314 -0.13869264860703126 -0.14239979779023437 -0.07773187450351562 -0.023656730651171874 -0.003641948 -0.003641948 
-0.003641948 -0.003641948 -0.003641948 -0.003641948 -0.003641948 -0.0134026229609375 -0.1863131985363281 -0.1687333674894531 -0.09788923846796875 -0.06885731846328126 -0.003641948 -0.003641948 -0.003641948 
-0.003641948 -0.003641948 -0.003641948 -0.003641948 -0.0040323749984375 -0.15820284615859376 -0.17738866620546875 -0.10153228962695314 -0.061191803354296866 -0.01565366727578125 -0.003641948 -0.003641948 -0.003641948 
-0.003641948 -0.003641948 -0.003641948 -0.003641948 -0.05350365506914063 -0.18214316894648436 -0.11731769347421875 -0.08439734984023436 -0.06756832473984375 -0.003641948 -0.003641948 -0.003641948 -0.003641948 
-0.003641948 -0.003641948 -0.003641948 -0.011580630301562499 -0.1756867445015625 -0.20268049604296876 -0.1794775669894531 -0.08933461027539062 -0.010890399287109375 -0.003641948 -0.003641948 -0.003641948 -0.003641948 
-0.003641948 -0.003641948 -0.003641948 -0.05166569183398437 -0.15902638075703124 -0.1894115049167968 -0.06432825745507811 -0.01538453421210938 -0.003641948 -0.003641948 -0.003641948 -0.003641948 -0.003641948 
-0.003641948 -0.003641948 -0.003641948 0.011637571416406253 -0.01604344126601562 -0.16860870593203126 -0.11777361933632813 -0.016979801235937498 -0.003641948 -0.003641948 -0.003641948 -0.003641948 -0.003641948 

-0.4532477 -0.4532477 -0.4532477 -0.4532477 -0.4532477 -0.4532477 -0.4532477 -0.4532477 -0.4532477 -0.4532477 -0.4532477 -0.4532477 -0.4532477 
-0.4532477 -0.4532477 -0.4532477 -0.4532477 -0.4532477 -0.4532477 -0.4532477 -0.4532477 -0.4532477 -0.4532477 -0.4532477 -0.4532477 -0.4532477 
-0.4532477 -0.16379444171093743 0.6850694628812499 -1.6782173276789065 -2.2349778422062494 -1.6850523406312503 -1.1499810829671875 -1.1499810829671875 -1.1611482655453125 -1.435548022078125 -1.1008410076875002 -0.4532477 -0.4532477 
-0.4532477 0.6035181888906251 2.9156956579882816 1.1030071378554687 0.38871020567187514 -0.3429332513718748 -0.3009575936929689 -0.5996984479742182 -0.22381547480546898 -2.607519723909374 -2.9840623411093747 -0.4532477 -0.4532477 
-0.4532477 -0.301850716953125 1.1412073429960938 1.2657623310781252 2.2593830243945314 1.8422620985039062 1.8478104798085937 1.7962748555039068 4.163383374407813 -2.1996717748070314 -2.7895419143124998 -0.4532477 -0.4532477 
-0.4532477 -0.4532477 -0.4532477 -0.4532477 -0.4244942907070312 -0.28343548599999996 -0.24650177634374995 2.1116462923953128 2.2571714317273437 -2.7793329103867186 -1.34697352665625 -0.4532477 -0.4532477 
-0.4532477 -0.4532477 -0.4532477 -0.4532477 -0.4532477 -0.4532477 0.1445058460039063 3.6273355648281247 -0.8940921035335927 -2.196168279269531 -0.6512288999804687 -0.4532477 -0.4532477 
-0.4532477 -0.4532477 -0.4532477 -0.4532477 -0.4532477 -0.4233356038085937 1.8372932904648436 2.0134663062695313 -2.7713114845937494 -1.1916110269062499 -0.4532477 -0.4532477 -0.4532477 
-0.4532477 -0.4532477 -0.4532477 -0.4532477 -0.4520512161523437 0.7420171427046875 2.9544088962156247 -1.6860316158359374 -2.043382604242187 -0.5252543975390624 -0.4532477 -0.4532477 -0.4532477 
-0.4532477 -0.4532477 -0.4532477 -0.4532477 -0.21876773271093747 3.071775034059375 0.3201134056640628 -2.258471415980468 -1.0897047418359374 -0.4532477 -0.4532477 -0.4532477 -0.4532477 
-0.4532477 -0.4532477 -0.4532477 -0.42891919509765625 1.758724919624219 2.634820149723437 -2.6190119316695304 -1.517990898863281 -0.4967000174804687 -0.4532477 -0.4532477 -0.4532477 -0.4532477 
-0.4532477 -0.4532477 -0.4532477 0.07554679954296878 3.90165145138203 0.8104406356078124 -3.848606496425781 -0.9049869201835937 -0.4532477 -0.4532477 -0.4532477 -0.4532477 -0.4532477 
-0.4532477 -0.4532477 -0.4532477 0.21288332277343752 3.4833844870664064 1.0131503722382813 -1.4156039961249998 -0.604111913203125 -0.4532477 -0.4532477 -0.4532477 -0.4532477 -0.4532477 

-0.720797837 -0.720797837 -0.720797837 -0.720797837 -0.720797837 -0.720797837 -0.720797837 -0.720797837 -0.720797837 -0.720797837 -0.720797837 -0.720797837 -0.720797837 
-0.720797837 -0.720797837 -0.720797837 -0.720797837 -0.720797837 -0.720797837 -0.720797837 -0.720797837 -0.720797837 -0.720797837 -0.720797837 -0.720797837 -0.720797837 
-0.720797837 -0.8576291818765625 -2.4871949819503905 -4.531518320373828 -4.415040454742187 -3.4780442176 -2.97786736675625 -2.97786736675625 -2.972034335203125 -2.4735215584453125 -1.2893880745000001 -0.720797837 -0.720797837 
-0.720797837 -0.5989191369296875 0.8537240309624999 1.0912698828765626 -0.05478495520898419 -1.8693909979917964 -2.612879670175781 -2.7865433559226562 -3.104019397849219 -3.695124636953125 -2.691659362 -0.720797837 -0.720797837 
-0.720797837 -0.06329530436328124 1.2541534910156247 2.7473528690859372 3.5292634494257813 4.2686423314179684 4.326515590484375 4.2068456926812505 2.415975628401171 0.7376104642375 -0.33011456350781254 -0.720797837 -0.720797837 
-0.720797837 -0.720797837 -0.720797837 -0.720797837 -0.54758774203125 -0.43511002814453126 -0.2495654852335938 -1.2646953891167967 -0.06733490794999997 -0.022050986976562603 0.16194150903515625 -0.720797837 -0.720797837 
-0.720797837 -0.720797837 -0.720797837 -0.720797837 -0.720797837 -0.720797837 -0.9314799423515625 -0.714951916778125 0.3560243111816407 0.6802360268476558 -0.483824466671875 -0.720797837 -0.720797837 
-0.720797837 -0.720797837 -0.720797837 -0.720797837 -0.720797837 -0.7364220286601563 -1.5212322738492188 -0.0928753585031249 0.19866345150781228 0.15554419574609368 -0.720797837 -0.720797837 -0.720797837 
-0.720797837 -0.720797837 -0.720797837 -0.720797837 -0.7214228046664063 -1.5537224790699216 -1.619842186150781 -0.23790828423437477 0.4229349644375001 -0.6125852885625 -0.720797837 -0.720797837 -0.720797837 
-0.720797837 -0.720797837 -0.720797837 -0.720797837 -0.8884856923585938 -1.7343341531859378 0.35347561987382836 0.8620619602968748 0.09026139317968751 -0.720797837 -0.720797837 -0.720797837 -0.720797837 
-0.720797837 -0.720797837 -0.720797837 -0.7335055128835938 -1.797491557955078 -0.9026280878554686 -0.3607126085976562 0.44564285928515635 -0.65549716121875 -0.720797837 -0.720797837 -0.720797837 -0.720797837 
-0.720797837 -0.720797837 -0.720797837 -0.877866209559375 -0.5224800721796876 0.09508897949570316 0.033446574746093694 -0.5563067704531249 -0.720797837 -0.720797837 -0.720797837 -0.720797837 -0.720797837 
-0.720797837 -0.720797837 -0.720797837 -0.29964912013671874 2.445502852003906 3.713770623378906 1.2185746855546875 -0.54912743371875 -0.720797837 -0.720797837 -0.720797837 -0.720797837 -0.720797837 

-2.10748053 -2.10748053 -2.10748053 -2.10748053 -2.10748053 -2.10748053 -2.10748053 -2.10748053 -2.10748053 -2.10748053 -2.10748053 -2.10748053 -2.10748053 
-2.10748053 -2.10748053 -2.10748053 -2.10748053 -2.10748053 -2.10748053 -2.10748053 -2.10748053 -2.10748053 -2.10748053 -2.10748053 -2.10748053 -2.10748053 
-2.10748053 -2.4137160152578128 -3.6402971149843752 -2.513855033058594 -1.8921853731835938 -1.9967486136796877 -2.3169995821875 -2.3169995821875 -2.283612369171875 -1.8104048610000003 -1.6889442130312502 -2.10748053 -2.10748053 
-2.10748053 -2.551188775203125 -2.705884979925781 -0.03534530236328148 -0.7142067028750001 -1.2725020898359378 -1.555495870816406 -1.3887531438906253 -1.8833457809140626 -0.8971868384648438 -0.2791096826015629 -2.10748053 -2.10748053 
-2.10748053 -2.157151275578125 -0.7416969901914063 0.1849872946015627 0.31563142407812483 0.9826012641640625 1.0523749258710935 1.0862103442343742 -0.8412403307773431 2.846529316164064 0.2629699076914065 -2.10748053 -2.10748053 
-2.10748053 -2.10748053 -2.10748053 -2.10748053 -2.0574067153007816 -1.865098426248047 -1.803513013841797 -3.324710809107422 -2.015695995375 3.65728930959375 -1.2889891671796876 -2.10748053 -2.10748053 
-2.10748053 -2.10748053 -2.10748053 -2.10748053 -2.10748053 -2.10748053 -2.5084485053125003 -4.377878459705078 2.690409296708986 1.0368661999570308 -2.0239949754687503 -2.10748053 -2.10748053 
-2.10748053 -2.10748053 -2.10748053 -2.10748053 -2.10748053 -2.1969105648632814 -3.764752716197266 -1.6403366476328123 3.391671110460938 -1.5613540715937502 -2.10748053 -2.10748053 -2.10748053 
-2.10748053 -2.10748053 -2.10748053 -2.10748053 -2.1110577313945313 -2.9962755276132813 -4.264138010021485 2.9284408152382815 0.4753816214570312 -2.0861033340625 -2.10748053 -2.10748053 -2.10748053 
-2.10748053 -2.10748053 -2.10748053 -2.10748053 -2.448087871417969 -4.541175843130859 0.6817755903515628 2.8743411422929697 -1.659168687390625 -2.10748053 -2.10748053 -2.10748053 -2.10748053 
-2.10748053 -2.10748053 -2.10748053 -2.180216958355469 -3.6951726350332033 -2.9009520737578125 4.075964504884765 -0.5653001549140626 -2.0945804979687503 -2.10748053 -2.10748053 -2.10748053 -2.10748053 
-2.10748053 -2.10748053 -2.10748053 -2.3901659558632815 -4.4697020125625 1.3691946761386724 2.694798085703125 -1.8289635844921877 -2.10748053 -2.10748053 -2.10748053 -2.10748053 -2.10748053 
-2.10748053 -2.10748053 -2.10748053 -2.4291561414902345 -1.654435545746094 2.7901702605898437 0.15193785145312466 -2.040229268125 -2.10748053 -2.10748053 -2.10748053 -2.10748053 -2.10748053 


