7.860647208877734e+06 7.860647208877734e+06 7.860647208877734e+06 7.860647208877734e+06 7.860647208877734e+06 7.860647208877734e+06 7.860647208877734e+06 7.860647208877734e+06 7.860647208877734e+06 7.860647208877734e+06 7.860647208877734e+06 7.860647208877734e+06 7.860647208877734e+06 
7.860647208877734e+06 7.860647208877734e+06 7.860647208877734e+06 7.860647208877734e+06 7.860647208877734e+06 7.860647208877734e+06 7.860647208877734e+06 7.860647208877734e+06 7.860647208877734e+06 7.860647208877734e+06 7.860647208877734e+06 7.860647208877734e+06 7.860647208877734e+06 
7.860647208877734e+06 1.1673418789249018e+07 3.102897936388706e+06 298167.73993453966 1.4634511812323302e+06 2.517249652416702e+06 2.566832217912386e+06 2.566832217912386e+06 2.304761365498951e+06 1.6264153799380234e+06 6.423377971034852e+06 7.860647208877734e+06 7.860647208877734e+06 
7.860647208877734e+06 862632.7062470278 6.878399608290121e+06 4.58414717355821e+07 3.0785666971038166e+07 1.4867615733905375e+07 1.2522162906101013e+07 1.0297822473825652e+07 1.7701668490316138e+07 1.1500146745589606e+07 1.6713389405765459e+07 7.860647208877734e+06 7.860647208877734e+06 
7.860647208877734e+06 1.1365397565558974e+07 3.308277682022348e+07 2.4893377684812363e+07 2.6241579266285807e+07 4.03811210133765e+07 4.453506554803243e+07 6.656534814059457e+07 1.0175646730291568e+07 4.546664769115329e+07 2.0402014848734118e+07 7.860647208877734e+06 7.860647208877734e+06 
7.860647208877734e+06 7.860647208877734e+06 7.860647208877734e+06 7.860647208877734e+06 9.377655267180618e+06 1.0647364297397273e+07 1.1014181468109027e+07 870174.6720337427 5.848225450540476e+06 9.238474820502926e+07 3.443047860186161e+06 7.860647208877734e+06 7.860647208877734e+06 
7.860647208877734e+06 7.860647208877734e+06 7.860647208877734e+06 7.860647208877734e+06 7.860647208877734e+06 7.860647208877734e+06 8.389801206987675e+06 17154.901691195897 9.08812411854718e+07 2.388210548718855e+07 5.676572634694115e+06 7.860647208877734e+06 7.860647208877734e+06 
7.860647208877734e+06 7.860647208877734e+06 7.860647208877734e+06 7.860647208877734e+06 7.860647208877734e+06 9.172761406939475e+06 947243.5811109262 1.1845008240383152e+07 7.97896197432231e+07 2.6234702320162277e+06 7.860647208877734e+06 7.860647208877734e+06 7.860647208877734e+06 
7.860647208877734e+06 7.860647208877734e+06 7.860647208877734e+06 7.860647208877734e+06 7.911188258488377e+06 6.916173931600488e+06 1.623905132204169e+06 9.61578730370853e+07 1.727017794432087e+07 6.703701712857149e+06 7.860647208877734e+06 7.860647208877734e+06 7.860647208877734e+06 
7.860647208877734e+06 7.860647208877734e+06 7.860647208877734e+06 7.860647208877734e+06 1.1541929122161679e+07 1.060064259125869e+06 4.502192336330932e+07 7.526176200055103e+07 2.58775995383866e+06 7.860647208877734e+06 7.860647208877734e+06 7.860647208877734e+06 7.860647208877734e+06 
7.860647208877734e+06 7.860647208877734e+06 7.860647208877734e+06 8.920149327753602e+06 952476.24977413 3.148161701829136e+06 1.0046514235636397e+08 4.725617685205198e+06 7.151476791498873e+06 7.860647208877734e+06 7.860647208877734e+06 7.860647208877734e+06 7.860647208877734e+06 
7.860647208877734e+06 7.860647208877734e+06 7.860647208877734e+06 7.006671302810434e+06 492933.0094896867 6.231552581519663e+07 4.096059224253503e+07 6.812086158153913e+06 7.860647208877734e+06 7.860647208877734e+06 7.860647208877734e+06 7.860647208877734e+06 7.860647208877734e+06 
7.860647208877734e+06 7.860647208877734e+06 7.860647208877734e+06 3.285205430443064e+06 2.2172120538892657e+07 1.2200008643051183e+08 1.2134701715692876e+07 6.288034584822277e+06 7.860647208877734e+06 7.860647208877734e+06 7.860647208877734e+06 7.860647208877734e+06 7.860647208877734e+06 

55.63234746505992 55.63234746505992 55.63234746505992 55.63234746505992 55.63234746505992 55.63234746505992 55.63234746505992 55.63234746505992 55.63234746505992 55.63234746505992 55.63234746505992 55.63234746505992 55.63234746505992 
55.63234746505992 55.63234746505992 55.63234746505992 55.63234746505992 55.63234746505992 55.63234746505992 55.63234746505992 55.63234746505992 55.63234746505992 55.63234746505992 55.63234746505992 55.63234746505992 55.63234746505992 
55.63234746505992 15179.04155254176 196960.80229128606 235944.13200469132 159251.71340258018 125054.8485149977 123696.61126271008 123696.61126271008 118502.83575535289 40436.03832188435 67.23968123685789 55.63234746505992 55.63234746505992 
55.63234746505992 389.7210550369061 27420.76887694028 11625.974729044776 2125.2692465101914 3274.6128653279857 4108.626385293793 3304.891585035199 11115.776727263445 17339.085080235636 12149.677684246913 55.63234746505992 55.63234746505992 
55.63234746505992 5956.200026531456 78044.41172203902 246160.57461777236 225950.83159520623 233768.99345163014 170650.7339290485 321359.7041628707 591734.052327301 163351.91247226612 444.16006768854913 55.63234746505992 55.63234746505992 
55.63234746505992 55.63234746505992 55.63234746505992 55.63234746505992 1460.234144448869 4482.163379086639 16671.947124495768 210296.32843446694 150571.75249530858 30784.536106409116 19717.02609320068 55.63234746505992 55.63234746505992 
55.63234746505992 55.63234746505992 55.63234746505992 55.63234746505992 55.63234746505992 55.63234746505992 20132.72901018679 80680.16699923109 85050.84833200714 25343.009494475693 2347.304086833337 55.63234746505992 55.63234746505992 
55.63234746505992 55.63234746505992 55.63234746505992 55.63234746505992 55.63234746505992 753.4240951772866 145595.23037023973 119415.81655095203 40191.09183499053 19886.580667582974 55.63234746505992 55.63234746505992 55.63234746505992 
55.63234746505992 55.63234746505992 55.63234746505992 55.63234746505992 68.19958490356287 104975.62994878052 131981.068827488 43238.26555689735 15705.306238553947 1027.7609241034982 55.63234746505992 55.63234746505992 55.63234746505992 
55.63234746505992 55.63234746505992 55.63234746505992 55.63234746505992 12006.78704044343 139150.7915150146 57728.05648777792 29875.66106171894 19149.004768643306 55.63234746505992 55.63234746505992 55.63234746505992 55.63234746505992 
55.63234746505992 55.63234746505992 55.63234746505992 562.502296116522 129460.68343276615 172299.42243185968 135107.74694589447 33473.36697974485 497.4477957196043 55.63234746505992 55.63234746505992 55.63234746505992 55.63234746505992 
55.63234746505992 55.63234746505992 55.63234746505992 11196.039011486355 106071.38869788918 150477.8626315143 17356.553011936365 992.7241988248761 55.63234746505992 55.63234746505992 55.63234746505992 55.63234746505992 55.63234746505992 
55.63234746505992 55.63234746505992 55.63234746505992 568.0474608241982 1079.5803272799812 119239.43101751285 58177.619646284606 1209.2750954996993 55.63234746505992 55.63234746505992 55.63234746505992 55.63234746505992 55.63234746505992 

861650.456644063 861650.456644063 861650.456644063 861650.456644063 861650.456644063 861650.456644063 861650.456644063 861650.456644063 861650.456644063 861650.456644063 861650.456644063 861650.456644063 861650.456644063 
861650.456644063 861650.456644063 861650.456644063 861650.456644063 861650.456644063 861650.456644063 861650.456644063 861650.456644063 861650.456644063 861650.456644063 861650.456644063 861650.456644063 861650.456644063 
861650.456644063 112527.38455407503 1.968471462001631e+06 1.1812893984751008e+07 2.095107677420164e+07 1.1909312610479554e+07 5.546784550792243e+06 5.546784550792243e+06 5.655034518113406e+06 8.643613813395599e+06 5.08287117880273e+06 861650.456644063 861650.456644063 
861650.456644063 1.5277089801238282e+06 3.565695761650483e+07 5.102894039318346e+06 633740.9800983134 493263.6346531886 379901.0695507856 1.5084320603617304e+06 210106.80858499097 2.8517740254127115e+07 3.734871707222923e+07 861650.456644063 861650.456644063 
861650.456644063 382159.2078455536 5.46246942925292e+06 6.719922100088674e+06 2.1411131926709503e+07 1.4235172663025798e+07 1.4321046548289275e+07 1.3533355364646727e+07 7.270306361028802e+07 2.029437443640484e+07 3.2638161510019872e+07 861650.456644063 861650.456644063 
861650.456644063 861650.456644063 861650.456644063 861650.456644063 755794.2989254423 336952.2418378077 254859.02134640273 1.8702611520419247e+07 2.1369235952185392e+07 3.2399704150019754e+07 7.609883794919759e+06 861650.456644063 861650.456644063 
861650.456644063 861650.456644063 861650.456644063 861650.456644063 861650.456644063 861650.456644063 87585.20249552076 5.518682037888523e+07 3.3529295099967555e+06 2.02297787741412e+07 1.7788004683523925e+06 861650.456644063 861650.456644063 
861650.456644063 861650.456644063 861650.456644063 861650.456644063 861650.456644063 751673.9430598012 1.4158488184551928e+07 1.700390372998453e+07 3.2212956614298012e+07 5.955646765429706e+06 861650.456644063 861650.456644063 861650.456644063 
861650.456644063 861650.456644063 861650.456644063 861650.456644063 857107.2891838813 2.309339490833415e+06 3.6610116371509e+07 1.1923158926248765e+07 1.7512949213328395e+07 1.1571756830938826e+06 861650.456644063 861650.456644063 861650.456644063 
861650.456644063 861650.456644063 861650.456644063 861650.456644063 200736.5409853268 3.957662148406217e+07 429801.204553749 2.1393857626456227e+07 4.980553230601586e+06 861650.456644063 861650.456644063 861650.456644063 861650.456644063 
861650.456644063 861650.456644063 861650.456644063 771633.1362114708 1.2973457666609105e+07 2.9118021118779242e+07 2.876966855550903e+07 9.664919477815354e+06 1.0347805456050597e+06 861650.456644063 861650.456644063 861650.456644063 861650.456644063 
861650.456644063 861650.456644063 861650.456644063 23938.23058040406 6.38494034543625e+07 2.7548776874666414e+06 6.212507439708022e+07 3.4351405364030157e+06 861650.456644063 861650.456644063 861650.456644063 861650.456644063 861650.456644063 
861650.456644063 861650.456644063 861650.456644063 190082.95949853086 5.089354835709349e+07 4.305342648356723e+06 8.405111218247065e+06 1.530716293374421e+06 861650.456644063 861650.456644063 861650.456644063 861650.456644063 861650.456644063 

2.1791486375839813e+06 2.1791486375839813e+06 2.1791486375839813e+06 2.1791486375839813e+06 2.1791486375839813e+06 2.1791486375839813e+06 2.1791486375839813e+06 2.1791486375839813e+06 2.1791486375839813e+06 2.1791486375839813e+06 2.1791486375839813e+06 2.1791486375839813e+06 2.1791486375839813e+06 
2.1791486375839813e+06 2.1791486375839813e+06 2.1791486375839813e+06 2.1791486375839813e+06 2.1791486375839813e+06 2.1791486375839813e+06 2.1791486375839813e+06 2.1791486375839813e+06 2.1791486375839813e+06 2.1791486375839813e+06 2.1791486375839813e+06 2.1791486375839813e+06 2.1791486375839813e+06 
2.1791486375839813e+06 3.0850272507199985e+06 2.59465470415542e+07 8.61285993955035e+07 8.175781556313433e+07 5.073762130940205e+07 3.7193804641434036e+07 3.7193804641434036e+07 3.704823727627187e+07 2.566204749289872e+07 6.973121024912284e+06 2.1791486375839813e+06 2.1791486375839813e+06 
2.1791486375839813e+06 1.504514178099348e+06 3.05699632884895e+06 4.994870625271762e+06 12588.747607508638 1.46575099832472e+07 2.8635101327022195e+07 3.2568031835845344e+07 4.041185237548077e+07 5.726880067010886e+07 3.0387858816807985e+07 2.1791486375839813e+06 2.1791486375839813e+06 
2.1791486375839813e+06 16803.621469171623 6.597224867935514e+06 3.1658387595957555e+07 5.224299441087951e+07 7.642570231832245e+07 7.851207412292512e+07 7.422890761584447e+07 2.4481893395321306e+07 2.2819916090553305e+06 457076.90000757755 2.1791486375839813e+06 2.1791486375839813e+06 
2.1791486375839813e+06 2.1791486375839813e+06 2.1791486375839813e+06 2.1791486375839813e+06 1.2576718490346784e+06 794068.7227704985 261233.54838612466 6.708598102046166e+06 19016.931674202962 2039.4636545224964 109995.84196587357 2.1791486375839813e+06 2.1791486375839813e+06 
2.1791486375839813e+06 2.1791486375839813e+06 2.1791486375839813e+06 2.1791486375839813e+06 2.1791486375839813e+06 2.1791486375839813e+06 3.6392083464001482e+06 2.1439446759179393e+06 531641.9157852913 1.9407927602167823e+06 981828.3266028834 2.1791486375839813e+06 2.1791486375839813e+06 
2.1791486375839813e+06 2.1791486375839813e+06 2.1791486375839813e+06 2.1791486375839813e+06 2.1791486375839813e+06 2.2746440581080783e+06 9.706238665295772e+06 36179.36257144418 165537.2962699543 101476.97768131088 2.1791486375839813e+06 2.1791486375839813e+06 2.1791486375839813e+06 
2.1791486375839813e+06 2.1791486375839813e+06 2.1791486375839813e+06 2.1791486375839813e+06 2.1829291368733477e+06 1.0125274427287122e+07 1.1005386903660754e+07 237399.08156751998 750251.8671900651 1.573957605054539e+06 2.1791486375839813e+06 2.1791486375839813e+06 2.1791486375839813e+06 
2.1791486375839813e+06 2.1791486375839813e+06 2.1791486375839813e+06 2.1791486375839813e+06 3.311012205930709e+06 1.2616109727027021e+07 524057.3713509241 3.1170004711517054e+06 34171.49422431377 2.1791486375839813e+06 2.1791486375839813e+06 2.1791486375839813e+06 2.1791486375839813e+06 
2.1791486375839813e+06 2.1791486375839813e+06 2.1791486375839813e+06 2.256662796406616e+06 1.3551695145131411e+07 3.417256608339044e+06 545735.9342197053 832978.5320432192 1.802193981630956e+06 2.1791486375839813e+06 2.1791486375839813e+06 2.1791486375839813e+06 2.1791486375839813e+06 
2.1791486375839813e+06 2.1791486375839813e+06 2.1791486375839813e+06 3.232336526751383e+06 1.1449838634790462e+06 37924.53614817722 4692.0561579619825 1.2980415537169755e+06 2.1791486375839813e+06 2.1791486375839813e+06 2.1791486375839813e+06 2.1791486375839813e+06 2.1791486375839813e+06 
2.1791486375839813e+06 2.1791486375839813e+06 2.1791486375839813e+06 376604.8583003289 2.508396879847039e+07 5.784822766348649e+07 6.228223781344455e+06 1.2647543643571858e+06 2.1791486375839813e+06 2.1791486375839813e+06 2.1791486375839813e+06 2.1791486375839813e+06 2.1791486375839813e+06 

1.8628892937228203e+07 1.8628892937228203e+07 1.8628892937228203e+07 1.8628892937228203e+07 1.8628892937228203e+07 1.8628892937228203e+07 1.8628892937228203e+07 1.8628892937228203e+07 1.8628892937228203e+07 1.8628892937228203e+07 1.8628892937228203e+07 1.8628892937228203e+07 1.8628892937228203e+07 
1.8628892937228203e+07 1.8628892937228203e+07 1.8628892937228203e+07 1.8628892937228203e+07 1.8628892937228203e+07 1.8628892937228203e+07 1.8628892937228203e+07 1.8628892937228203e+07 1.8628892937228203e+07 1.8628892937228203e+07 1.8628892937228203e+07 1.8628892937228203e+07 1.8628892937228203e+07 
1.8628892937228203e+07 2.4436119971297458e+07 5.5581922915992744e+07 2.650576624962618e+07 1.5017141281446686e+07 1.6722711129543955e+07 2.2517066765883878e+07 2.2517066765883878e+07 2.1872814913527887e+07 1.3747107180503076e+07 1.1964388704441594e+07 1.8628892937228203e+07 1.8628892937228203e+07 
1.8628892937228203e+07 2.729889671874052e+07 3.0709911753433317e+07 5239.903718323956 2.139477621055228e+06 6.791675274379727e+06 1.0148401241399027e+07 8.0892827309591845e+06 1.4877159925426109e+07 3.376180774786215e+06 326745.5716559743 1.8628892937228203e+07 1.8628892937228203e+07 
1.8628892937228203e+07 1.9517361621998847e+07 2.3073471343214875e+06 143530.3376647843 417849.968911807 4.0496225083428747e+06 4.645162255288902e+06 4.948661787885076e+06 2.9682472598954253e+06 3.398530927545635e+07 290049.4274054402 1.8628892937228203e+07 1.8628892937228203e+07 
1.8628892937228203e+07 1.8628892937228203e+07 1.8628892937228203e+07 1.8628892937228203e+07 1.7754163321146186e+07 1.4590272925463233e+07 1.3642641455853743e+07 4.6362586363234e+07 1.7041584431387905e+07 5.610202503711285e+07 6.9688070425032405e+06 1.8628892937228203e+07 1.8628892937228203e+07 
1.8628892937228203e+07 1.8628892937228203e+07 1.8628892937228203e+07 1.8628892937228203e+07 1.8628892937228203e+07 1.8628892937228203e+07 2.63918773759829e+07 8.03872746837627e+07 3.0359639802797165e+07 4.50926064849737e+06 1.718219979399206e+07 1.8628892937228203e+07 1.8628892937228203e+07 
1.8628892937228203e+07 1.8628892937228203e+07 1.8628892937228203e+07 1.8628892937228203e+07 1.8628892937228203e+07 2.0243456060326263e+07 5.944739318355331e+07 1.12856318819896e+07 4.824889471652733e+07 1.022498559495192e+07 1.8628892937228203e+07 1.8628892937228203e+07 1.8628892937228203e+07 
1.8628892937228203e+07 1.8628892937228203e+07 1.8628892937228203e+07 1.8628892937228203e+07 1.8692187337389506e+07 3.765506476552696e+07 7.626449682331333e+07 3.596936799417931e+07 947861.0554207228 1.8252885898346327e+07 1.8628892937228203e+07 1.8628892937228203e+07 1.8628892937228203e+07 
1.8628892937228203e+07 1.8628892937228203e+07 1.8628892937228203e+07 1.8628892937228203e+07 2.513702685741946e+07 8.649610326488236e+07 1.9495878104416388e+06 3.465265598600285e+07 1.1546250898697218e+07 1.8628892937228203e+07 1.8628892937228203e+07 1.8628892937228203e+07 1.8628892937228203e+07 
1.8628892937228203e+07 1.8628892937228203e+07 1.8628892937228203e+07 1.9936978080369834e+07 5.7270288473960385e+07 3.5297261505173534e+07 6.968201348940775e+07 1.3403496755583545e+06 1.8401533466912042e+07 1.8628892937228203e+07 1.8628892937228203e+07 1.8628892937228203e+07 1.8628892937228203e+07 
1.8628892937228203e+07 1.8628892937228203e+07 1.8628892937228203e+07 2.3961611205367655e+07 8.379479550792414e+07 7.863036799526828e+06 3.0458770243806202e+07 1.4030398998282552e+07 1.8628892937228203e+07 1.8628892937228203e+07 1.8628892937228203e+07 1.8628892937228203e+07 1.8628892937228203e+07 
1.8628892937228203e+07 1.8628892937228203e+07 1.8628892937228203e+07 2.4749747196614563e+07 1.1480468448988577e+07 3.265286670366276e+07 96825.97216703439 1.7458939157341003e+07 1.8628892937228203e+07 1.8628892937228203e+07 1.8628892937228203e+07 1.8628892937228203e+07 1.8628892937228203e+07 


