-2.5355303636956017e+07
-402465.13709454
-2.575776877405056e+07
-7.64683760479626e+06
-5.956484028999192e+07
3.300214124175228e+07
1.1430009893484937e+08
6.1979631112559155e+07
8.813986502370425e+07
-2.0928187128916077e+07
-9.337191180593327e+07
-1.1349516866066027e+08
-1.40862797983089e+07
-2.937995500790142e+07
2.133065226601062e+07
-4.910074672553388e+07
3.541693206431952e+07
9.095712098336603e+07
1.1148284297518757e+08
-2.857502473371234e+07
7.968809714471892e+07
1.00616284273635e+07
2.6562699048239637e+07
-7.123632926573358e+07
-8.773739988660972e+07
804930.27418908
3.742925774979222e+07
-1.4941976050238743e+07
1.731665280339809e+07
-137395.69456183587
-9.665802361803295e+06
2.4487804618709676e+07
2.391876933939478e+07
2.391876933939478e+07
4.413341443566632e+07
1.249087011792402e+07
-6.3802128710694976e+07
-2.374544308857786e+07
2.41479082256724e+06
3.662432747560314e+07
1.4310041437390694e+07
1.408696239777817e+06
1.5960166799460262e+08
-4.728678446751462e+08
-3.7756607508567375e+08
-6.020255216040372e+08
-4.95613600020281e+07
2.6827232630443913e+08
2.6849622609862965e+08
1.4804051800050813e+08
-3.21972109675632e+06
2.173311740310516e+07
-5.875991001580284e+07
-3.142305118925745e+07
2.0326058078345306e+07
-4.511874918616871e+08
-3.802299869367748e+08
-1.1826176624461493e+09
-1.951847224786727e+09
-1.0428926223883232e+09
-5.418328370945654e+07
1.11971622601957e+09
1.8175746988440248e+08
8.089549255600253e+07
1.489121007249798e+07
-4.749088617715572e+07
-2.052572199182154e+07
-2.2135582540199697e+07
-8.25053531043807e+07
-8.738474284169587e+07
-2.791142666376911e+08
-4.624193947570894e+08
4.054317831939614e+06
1.428277012432797e+08
1.5609327056721745e+09
-1.7628405044153146e+07
2.4147908225672398e+07
-5.63451191932356e+06
-4.0246513709453996e+06
4.5881025628777556e+07
5.875991001580284e+07
-4.386869994330486e+07
4.869828158843934e+07
-4.467363021749394e+07
-4.055025837770939e+08
80806.44892620915
2.5824813495263667e+09
5.46575419021992e+08
-1.1422172392626111e+08
3.863665316107584e+07
-4.749088617715572e+07
2.495283849986148e+07
1.0423847050748585e+08
1.5172935668464157e+08
7.44560503624899e+07
2.607974088372619e+08
-1.1271489216847228e+08
-4.180602710618206e+07
-1.5889367853979576e+08
9.477730191579012e+08
-1.2088950829130777e+06
-1.4931456586207435e+08
-804930.27418908
-5.03081421368175e+07
-5.63451191932356e+07
-8.170042283019161e+07
1.3442335578957635e+08
-5.916237515289737e+07
1.2678153855523133e+08
-3.54108105297945e+07
8.813257933498466e+06
-4.480187620543878e+08
2.334375412377963e+08
6.761621695656234e+07
-1.642057759345723e+08
-1.1148284297518757e+08
-1.9036600984571743e+08
9.256698153174419e+06
-6.680921275769363e+07
1.2315433195092922e+08
1.6581563648295048e+08
6.004019193915528e+08
2.040750906528393e+07
7.860467643846899e+08
7.167328118836476e+08
6.783657453390817e+07
8.25053531043807e+07
2.133065226601062e+07
-1.60986054837816e+06
-8.773739988660972e+07
5.63451191932356e+06
-7.244372467701719e+06
-2.2135582540199697e+07
-3.562350835531678e+07
2.457845913017147e+07
2.2727208957844898e+07
-4.423681148235418e+08
-8.323135916598211e+07
1.3291448705608146e+08
1.770846603215976e+07
-1.5535154291849244e+08
1.247641924993074e+07
-4.668595590296663e+07
-402465.13709454
-8.45176787898534e+06
-7.083386412863904e+07
-1.3201689801903307e+08
-201905.36068697568
-1.8505218546080792e+08
-5.38975856964173e+08
-1.046336433892441e+08
8.5725074201137e+07
4.749088617715572e+07
9.377437694302782e+07
2.8977489870806877e+07
-4.3063769669115774e+07
2.6562699048239637e+07
-5.232046782229019e+06
-2.253804767729424e+07
-2.640779533207352e+07
-1.2260295773186085e+08
-6.246404425242206e+08
-3.0443539664330285e+07
-8.821357958355476e+07
9.095712098336603e+07
1.3281349524119819e+07
1.1389763379775481e+08
9.739656317687868e+07
5.352786323357382e+07
-139.57043332034232
59.81589999443243
96.84479046717631
-256.3538571189961
-133.8736809399202
119.63179998886486
22.787009521688546
233.5668475973076
11.393504760844273
-71.20940475527671
34.18051428253281
0
-59.81589999443243
71.20940475527671
8.545128570633203
48.422395233588155
79.7545333259099
-88.2996618965431
122.48017617907593
-159.5090666518198
-22.787009521688546
-59.81589999443243
-51.270771423799225
108.23829522802059
-68.36102856506562
-51.270771423799225
-193.68958093435262
27200.842462154833
60506.35846388307
-422811.88455240685
-57075.814083484736
-364960.0699061693
417995.5887789499
-310330.05833588704
-491454.9604445995
-128360.16004898967
44.75473183125261
-133.8736809399202
105.38991903780952
-17.090257141266406
977.73218287659
228842.76873939278
33333.99474311718
-10554.937185868215
6371.086790782129
19353.27372528788
-9814.206050920526
27887.260653358528
-40837.01318097097
-2488.253989733768
-119.63179998886486
-131.02530474970914
-199.38633331477476
-24701.552750031253
271719.423851451
201654.74272687914
-798239.0978595446
1.4602146406962627e+06
-1.1183766498774122e+06
-49360.85055941694
-4.211252903602935e+06
-618907.725974922
500.3019002443818
-79.7545333259099
242.1119761679408
105.38991903780952
19.938633331477476
102.54154284759845
25.635385711899612
7476.398819578209
-10326.904425415616
-81092.35081354741
183041.92426936002
-740090.2778649407
118212.618648611
-4038.0469438874993
-28.483761902110682
-74.05778094548776
-170.9025714126641
-39.87726666295495
-131.02530474970914
233.5668475973076
179.4476999832973
71.20940475527671
103079.57253215637
-140448.0347122615
574807.6533670371
7785.372516702932
6369.644370030943
-37.02889047274388
-74.05778094548776
-128.17692855949804
173.75094760287516
-22.787009521688546
173.75094760287516
-76.90615713569883
-38.575313673077076
-74544.75794956274
605294.8909334657
2057.7839019515154
-32582.173765767944
-199.38633331477476
17.090257141266406
2.8483761902110682
159.5090666518198
-42.72564285316602
512.7077142379921
68.36102856506562
118.72183740012223
198865.83337496984
-439232.99705788004
188172.93170361727
-29752.1321383166
-263.10679657049553
-225.0217190266744
156.66069046160874
74.05778094548776
-22.787009521688546
-262.0506094994183
19.938633331477476
-256.3538571189961
-21516.16237647463
548588.0804687936
100493.00073392379
-113192.90463064073
-74512.60735574484
-48.422395233588155
-142.41880951055342
-54.119147614010295
-5.6967523804221365
99.69316665738738
-28.483761902110682
119.63179998886486
806.4032917126459
-218736.7707280017
-282295.37371235894
255948.1158143025
-15424.527504266427
458.4478885351873
-68.36102856506562
2.8483761902110682
-14.241880951055341
39.87726666295495
11.393504760844273
-48.422395233588155
56.967523804221365
-34394.231843286085
-38015.98570932348
-408336.7280368772
-8886.55514211142
-50.82747897983366
31.33213809232175
-42.72564285316602
-54.119147614010295
42.72564285316602
190.84120474414158
31.33213809232175
-28.483761902110682
59.81589999443243
1250.6132897505547
-3261.196252647367
195361.88377909307
-53616.49426601589
-123.82976977916921
145.2671857007645
116.7834237986538
-59.81589999443243
2.8483761902110682
-31.33213809232175
485281.5371819363
-6.7057085137867555e+06
-8.602718159134325e+06
-8.6468346625145e+06
-3.0440387332321457e+06
-3.7499027873149626e+06
-749980.5574629924
-4.0146018075960185e+06
1.0587960811242245e+06
7.235106554348869e+06
1.1293824865325063e+07
8.558601655754149e+06
3.7940192906951383e+06
-1.3631999544474391e+07
-2.7793397129510897e+06
-352932.02704140823
-1.1249708361944886e+07
-6.529242500266052e+06
-2.3822911825295053e+06
-5.691028936042707e+06
1.522019366616073e+07
2.1087688615724143e+07
7.367456064489396e+06
3.573436773794258e+06
4.852815371819363e+06
-176466.01352070412
2.691106706190738e+06
812357.6945727784
1.6125718216717362e+06
-1.1189173182356155e+08
-1.480319280557991e+08
-2.3719539740039918e+08
2.6979560055053473e+07
1.703972214003377e+07
-5.848662900013609e+07
-2.965105282547226e+07
-4.7884712801264755e+07
-1.1911455912647527e+06
5.735145439422883e+06
1.2087921926168231e+07
2.6750795325560283e+07
5.057012357003181e+08
7.68128433950512e+07
-2.2064325963102877e+06
2.2477037303876495e+06
-3.695677604590042e+06
-1.822668627176286e+07
301209.12078744307
4.307319487983359e+08
9.542149027349701e+08
8.514485152373973e+06
-1.985242652107921e+06
3.22050474675285e+06
2.50451858453662e+06
-1.5941670782331722e+07
3.3029761106355846e+07
2.6529248902470142e+08
9.47493092450997e+06
-1.1218535024067886e+08
-1.6352623954209933e+08
-2.281829273247056e+09
-1.797594510078995e+08
1.9551564270962304e+08
-5.470446419141827e+06
-9.749747247018902e+06
-6.088077466464291e+06
-2.9999222298519695e+06
8.602718159134325e+06
1.0190912280820662e+07
8.397176978781234e+06
-414046.91477029806
1.7746343374392714e+06
9.575737098454654e+06
-1.92562459012333e+08
-7.24923940534202e+08
-9.273099997137423e+07
-1.0499727804481896e+07
-1.010267927406031e+07
4.808698868439186e+06
1.3676116047854567e+07
2.1131805119104315e+07
1.9411261487277452e+07
2.197001868332766e+07
9.926213260539606e+06
-255608.6549629278
-4.43613736933631e+08
-6.025616681005369e+07
-7.229637419187485e+08
-2.55008835142999e+07
-1.6764271284466889e+06
-4.32341733125725e+06
3.573436773794258e+06
-1.985242652107921e+06
-8.161553125332564e+06
-7.235106554348869e+06
-4.499883344777955e+06
-3.7715991766968584e+06
4.421979029799259e+07
-1.2536638142042993e+08
5.772561825282204e+07
-6.403511402190021e+07
-1.3234951014052809e+06
-4.10283481435637e+06
-617631.0473224644
1.2793785980251047e+06
5.117514392100419e+06
-264699.0202810561
6.926291030687636e+06
8.294055815974582e+06
-4.599465277103096e+07
1.3121065707548825e+07
2.1671533664349753e+08
6.079375138117965e+08
1.6352281012936274e+07
1.411728108165633e+06
1.689662079460742e+07
6.396892990125524e+06
6.793941520547108e+06
8.161553125332564e+06
4.808698868439186e+06
1.8396581909533404e+07
4.244694601059327e+06
3.100274220575494e+08
-5.061338984824948e+06
-5.0605886583924615e+08
-4.3350735319156215e+07
-7.896854105051508e+06
-4.676349358298658e+06
-7.455689071249748e+06
3.088155236612322e+06
-1.2352620946449288e+06
-5.646912432662532e+06
-4.367533834637427e+06
1.1062132640727647e+06
3.088720801266296e+08
5.859011737436284e+08
-1.0900252022311263e+08
-1.7566957642877185e+08
-5.7219225049777385e+06
441165.0338017603
1.3234951014052809e+06
264699.0202810561
-2.7352232095709136e+06
-1.1029125845044006e+06
-1.2264387939688934e+07
-1.8440698412913576e+07
-365239.94690357294
-6.243960862609017e+08
-6.065138716726557e+06
-4.135044951869659e+07
2.4623087364936817e+07
5.955727956323763e+06
5.823378446183235e+06
-441165.0338017603
-2.6469902028105618e+06
705864.0540828165
-4.941048378579715e+06
-794097.0608431684
1.9411261487277453e+06
-3.7371830501087154e+06
-1.1621643554439013e+09
1.7634683487669136e+06
7.875253007048771e+07
-2.351180226623111e+06
573514.5439422883
1.4029048074895976e+07
6.66159201040658e+06
-3.485203767033906e+06
1.9411261487277453e+06
-8.367930768322487e+06
-334717.2307328995
-892579.2819543987
7.36377907612379e+06
-1.3611834049804581e+07
6.024910153192191e+06
-2.2426054459104266e+07
-2.4434357843501665e+07
-4.1058646969902344e+07
5.355475691726392e+06
-1.2272965126872982e+06
7.14063425563519e+06
4.239751589283394e+06
9.260510050276887e+06
-4.574468820016294e+06
3.458744717573295e+06
7.02906184539089e+06
-2.4434357843501665e+07
-2.8004674971319262e+07
-4.563311578991863e+07
-3.960820563672644e+07
8.144785947833888e+06
2.3430206151302964e+06
3.0124550765960958e+07
1.7516868408355072e+07
-2.0975613125928372e+07
6.582772204413691e+06
2.8431611142635504e+06
-1.1956168876748174e+08
3.527827431239824e+07
-1.9590480733975995e+09
-1.5144977010371273e+09
-6.398524600075179e+08
2.4375331809810212e+08
7.397792019325968e+08
4.165052956287434e+08
7.60460686492834e+07
6.471199794169391e+06
-1.2942399588338781e+07
-6.694344614657991e+06
1.3095291406176724e+06
1.8782185444447948e+06
-8.567202096466127e+07
-527881.4356761383
-2.86677443256342e+08
9.529761721632986e+07
3.585088944489855e+08
8.172893024417231e+08
1.079035834705923e+09
2.1626431362745905e+08
-1.4504413331758978e+06
-1.7516868408355072e+07
9.148937640032588e+06
-289076.0608584533
-7.329780717271073e+07
-2.1233913728360653e+08
1.8723889196859214e+07
5.634714180525278e+08
1.4069363682828183e+09
2.265109961679017e+09
3.986043955052634e+08
2.5003325662097443e+07
889288.8166547429
334717.2307328995
5.467048101970692e+06
-2.008303384397397e+06
223144.82048859968
-446289.64097719936
-2.119875794641697e+07
-8.435456625845395e+06
-8.5378269072284e+06
1.9928984939280679e+06
-1.0991367130392438e+07
-439123.77267535543
21928.31321342588
326643.6523018581
7.698496306856689e+06
4.351323999527694e+06
-3.514530922695445e+07
1.2942399588338781e+07
2.3988068202524465e+07
1.8967309741530973e+06
2.990140594547236e+07
-3.1240274868403957e+06
2.012336647225426e+07
-2.2722383253248688e+07
-2.91254707143814e+06
1.0533070468248522e+07
7.289093496699806e+06
9.372082460521186e+06
1.428126851127038e+07
0
-6.582772204413691e+06
6.181111527534211e+07
7.02906184539089e+06
5.288532245579812e+07
-6.056012340306947e+06
2.981756517978861e+07
-550157.8590064088
1.7798570094945487e+06
981972.4176265091
3.849248153428345e+07
-1.2272965126872982e+06
1.338868922931598e+06
1.6289571895667776e+07
1.0599378973208485e+07
-781006.8717100989
4.652569507187303e+07
-1.4417810363221087e+07
-1.793712615342768e+08
-1.0593345217987695e+08
-717135.1455991643
1.694008695965792e+07
2.820532028257734e+07
-1.7851585639087975e+06
-2.5550081945944663e+07
-8.367930768322487e+06
-1.2049820306384383e+07
3.793461948306195e+07
2.186819240788277e+07
-1.941359938250817e+07
-6.391048200375691e+07
5.425936471399781e+07
-4.1052558242145986e+06
-1.2607643505714418e+07
-447892.6090969255
1.8855737331286673e+07
2.153347517714987e+07
2.5326937125456065e+07
-1.8855737331286673e+07
2.6331088817654762e+07
8.702647999055387e+06
7.586923896612389e+06
-2.9694071740236815e+07
-3.885542032012078e+08
4.549051997020935e+07
9.136929305079995e+06
-3.7530680739739286e+06
-2.131490865954564e+07
4.552154337967434e+07
2.3876495792280164e+07
7.02906184539089e+06
1.0822523793697085e+07
4.797613640504893e+06
-3.570317127817595e+06
-1.3388689229315981e+07
1.4729111085100703e+07
-5.100216121481063e+06
648539.907762749
77114.88136733677
1.1962750959055645e+06
4.797613640504893e+06
3.637260573964175e+07
2.209133722837137e+07
-6.694344614657991e+06
9.037365229788287e+06
-2.789310256107496e+06
446289.64097719936
7.36377907612379e+06
385643.3748995368
-2.157622660169229e+08
8.648541428601884e+08
4.496279312228189e+07
1.0360867752814066e+06
3.704204020110755e+07
2.3430206151302967e+07
-9.818372101498386e+06
-6.471199794169391e+06
8.814220409299688e+06
-7.630394547088672e+06
-1.6119208480724818e+08
-4.1967170008987695e+07
-1.8599086708528638e+08
2.0029785686107762e+07
-2.6992520710326177e+08
3.624437409867119e+07
1.507002923050013e+08
1.6786868003595078e+08
1.7645287390142554e+08
-5.913555773993721e+07
-1.2399391139019091e+08
-1.735914759462673e+08
-1.0396412570408316e+08
-9.53799318386084e+07
0
1.5260789094177345e+07
1.430698977579126e+08
953799.318386084
7.439634683411455e+07
1.5260789094177345e+07
3.643513396234841e+08
1.2208631275341876e+08
7.248874819734238e+07
-2.1555864595525497e+08
-1.8599086708528638e+08
1.8217566981174204e+08
2.9526652483718145e+08
2.0005935006690764e+09
7.586162346773009e+08
5.635873054361815e+08
3.5532416608054996e+08
3.320276597030173e+08
-3.839069815316138e+08
-3.818818501382661e+08
-4.504652080907248e+07
5.268159634339723e+07
-7.15349488789563e+07
-3.2524556756965464e+08
-9.53799318386084e+06
2.6137055674390924e+08
8.585017250495791e+08
100337.86832144178
3.549136636016097e+07
2.851416947195585e+07
-1.688693966568798e+08
-3.7441083334589964e+08
-6.291729458381807e+08
1.2100231896833794e+06
-786280.5436329367
5.360352169329792e+08
3.309683634799712e+08
2.575258159642427e+07
-2.6980800706251208e+07
-4.252902237981366e+06
470320.2104599652
2.267755351278159e+06
-9.869416007532588e+07
-1.151108368158632e+08
-7.65181880289942e+07
-2.203626765746364e+07
5.568153071690768e+08
4.202700183333866e+06
4.110875062244022e+08
3.9105772053829443e+08
1.13502118887944e+08
3.7293553348895884e+08
-1.0777932297762749e+08
-7.344254751572847e+07
-2.836121065573176e+08
-4.6240660177212113e+08
-3.743977380012855e+08
-8.21322489941963e+08
-6.980232983096486e+08
-1.0714140333487663e+09
1.7126540187655963e+07
1.907598636772168e+06
2.556182173274705e+08
953799.318386084
3.147537750674077e+07
-1.5737688753370386e+08
-5.532036046639287e+08
-2.7660180233196434e+07
7.058114956057023e+07
-1.378289404083331e+08
-4.033511894532477e+08
-8.191759450149941e+08
-9.673626684008437e+07
-1.2580119401169227e+08
-2.1078964936332458e+08
3.17615173022566e+08
2.785094009687365e+08
-6.295075501348154e+07
2.622948125561731e+08
1.3162430593727958e+08
8.774953729151973e+07
-3.2130413458949845e+07
-1.6923008312348487e+09
-5.171527953602914e+08
-1.9021644253043733e+09
2.2511328285846148e+07
-1.306705066188935e+08
-1.9266746231398895e+08
2.0602065277139416e+08
9.919512911215273e+07
2.451264248252236e+08
2.83278397560667e+08
3.6625893826025623e+08
4.067419964615957e+08
-2.8919089739924705e+08
-3.6157913117894726e+09
-1.5911697380849113e+09
-4.193033993643543e+07
-3.878373195680628e+08
4.463780810046873e+08
9.156473456506406e+07
7.248874819734238e+07
-2.317732343678184e+08
-6.676595228702588e+06
-3.147537750674077e+08
-5.722795910316504e+07
6.3063772979893945e+07
-3.0114483312701445e+09
-4.072610952500166e+07
-3.7258535716150266e+08
-6.916666138355581e+07
-1.0491792502246924e+08
0
-2.737404043768061e+08
3.529057478028511e+07
-1.0968692161439966e+08
-3.5672094507639545e+08
-1.0968692161439966e+08
-3.909561653648203e+08
-1.348829834138715e+09
-7.69875630141641e+08
6.350539981370665e+08
-3.2940433626522115e+06
-2.5720927418710977e+08
2.861397955158252e+07
-1.669148807175647e+08
8.29805406995893e+07
1.564230882153178e+08
-8.202674138120322e+07
1.1159452025117183e+08
-1.3734710184759608e+08
-3.4964783070872486e+08
1.115476317801486e+09
2.3148780337806985e+08
4.148240837044454e+08
3.620516400708816e+08
4.501932782782316e+08
-7.82115441076589e+07
-1.5356169026015952e+08
0
3.815197273544336e+06
8.107294206281714e+07
1.1540971752471615e+08
1.2590151002696308e+08
1.7107025262299985e+08
2.374711937736389e+08
5.968421587562294e+08
922093.0981411018
3.4415060866950583e+08
3.2429176825126853e+07
2.0983585004493847e+07
1.2780910866373526e+08
1.011027277489249e+08
5.913555773993721e+07
