11214.73830912 11214.73830912 11214.73830912 11214.73830912 11214.73830912 11214.73830912 11214.73830912 11214.73830912 11214.73830912 11214.73830912 11214.73830912 11214.73830912 11214.73830912 
11214.73830912 11214.73830912 11214.73830912 11214.73830912 11214.73830912 11214.73830912 11214.73830912 11214.73830912 11214.73830912 11214.73830912 11214.73830912 11214.73830912 11214.73830912 
11214.73830912 13666.554087552 7046.0178102400005 2184.1895153471996 4838.927453446402 6346.3370883264015 6408.5345818368005 6408.5345818368005 6072.576211788801 5101.239661004801 10137.753574464 11214.73830912 11214.73830912 
11214.73830912 3715.1208997760014 10490.681280672 27082.532152096 22193.933214655997 15423.418938175997 14154.667304377599 12836.0881728512 16829.340327091202 13564.7465118016 16352.804973222403 11214.73830912 11214.73830912 
11214.73830912 13485.042122624 23007.051726015998 19957.305503424 20490.614150400004 25418.456605664003 26693.839153792003 32635.035931488004 12759.715815200003 26971.584363148795 18067.4358330048 11214.73830912 11214.73830912 
11214.73830912 11214.73830912 11214.73830912 11214.73830912 12249.183004384002 13052.119703648 13275.048153952 3731.3261385919996 9673.241814854398 38446.794031238394 7422.180660896 11214.73830912 11214.73830912 
11214.73830912 11214.73830912 11214.73830912 11214.73830912 11214.73830912 11214.73830912 11586.061423616 -523.9068877760001 38132.66131504001 19547.7284561408 9530.223615168 11214.73830912 11214.73830912 
11214.73830912 11214.73830912 11214.73830912 11214.73830912 11214.73830912 12114.62680032 3893.0575769919997 13766.631100096001 35730.01421622401 6478.852036608001 11214.73830912 11214.73830912 11214.73830912 
11214.73830912 11214.73830912 11214.73830912 11214.73830912 11250.733848768 10519.44784224 -5097.301454227198 39224.0483452864 16622.961442208 10356.603082368001 11214.73830912 11214.73830912 11214.73830912 
11214.73830912 11214.73830912 11214.73830912 11214.73830912 13589.365914368002 -4118.376882464001 26839.3512181824 34701.414841599995 6434.60637968 11214.73830912 11214.73830912 11214.73830912 11214.73830912 
11214.73830912 11214.73830912 11214.73830912 11946.647615296 3903.7955884480016 7097.2239100416 40092.9205434304 8695.394353523201 10696.89808608 11214.73830912 11214.73830912 11214.73830912 11214.73830912 
11214.73830912 11214.73830912 11214.73830912 10588.047074176 2808.367524352001 31576.0734266176 25600.185075123198 10439.989393216001 11214.73830912 11214.73830912 11214.73830912 11214.73830912 11214.73830912 
11214.73830912 11214.73830912 11214.73830912 7250.054267872001 18834.912493088003 44181.45971884801 13933.959503712002 10030.381516032001 11214.73830912 11214.73830912 11214.73830912 11214.73830912 11214.73830912 

-29.834838016 -29.834838016 -29.834838016 -29.834838016 -29.834838016 -29.834838016 -29.834838016 -29.834838016 -29.834838016 -29.834838016 -29.834838016 -29.834838016 -29.834838016 
-29.834838016 -29.834838016 -29.834838016 -29.834838016 -29.834838016 -29.834838016 -29.834838016 -29.834838016 -29.834838016 -29.834838016 -29.834838016 -29.834838016 -29.834838016 
-29.834838016 -492.81301204479996 -1775.2106457152 -1942.963229728 -1596.2541822783999 -1414.5237983999998 -1406.8211614144 -1406.8211614144 -1376.9696336832 -804.3485644607999 32.79992225280002 -29.834838016 -29.834838016 
-29.834838016 78.96541572480004 662.3687055039999 431.29525346879996 184.40257032959997 228.89693280000012 256.394270928 229.95274592960004 -421.7255359072001 -526.711838944 440.9023054464 -29.834838016 -29.834838016 
-29.834838016 -308.7056857664 -1117.4571971904 -1984.5828765471997 -1901.3714275552002 -1933.9865292256 -1652.3957585471999 -2267.5438841632 -3076.9700741536008 -1616.6726940096 84.30042160639996 -29.834838016 -29.834838016 
-29.834838016 -29.834838016 -29.834838016 -29.834838016 -152.85204058559998 -267.7958440032 -516.4795775168001 -1834.3231053856 -1552.1430475071998 -701.8209014432 -561.6693132896 -29.834838016 -29.834838016 
-29.834838016 -29.834838016 -29.834838016 -29.834838016 -29.834838016 -29.834838016 -567.5593926304001 -1136.1701773888 -1166.5391434976 -636.7795159328 -193.7959374944 -29.834838016 -29.834838016 
-29.834838016 -29.834838016 -29.834838016 -29.834838016 -29.834838016 -109.794287296 -1526.2777224095998 -1382.2637464736 -801.9086415296 -564.0791528512001 -29.834838016 -29.834838016 -29.834838016 
-29.834838016 -29.834838016 -29.834838016 -29.834838016 -33.0332159872 -1295.9977157312 -1453.1679535552 -831.7525166240001 -501.2832530783999 -128.2348423232 -29.834838016 -29.834838016 -29.834838016 
-29.834838016 -29.834838016 -29.834838016 -29.834838016 -438.3019423264 -1492.1168400095999 -961.0665449408 -691.3830898911999 -553.5197162688 -29.834838016 -29.834838016 -29.834838016 -29.834838016 
-29.834838016 -29.834838016 -29.834838016 -94.86852343039999 -1439.2258109568 -1660.358623584 -1470.2802287775999 -731.829127376 -89.21415096 -29.834838016 -29.834838016 -29.834838016 -29.834838016 
-29.834838016 -29.834838016 -29.834838016 -423.24534750399994 -1302.7441111616 -1551.6590482783995 -526.9770850719999 -126.03010426560004 -29.834838016 -29.834838016 -29.834838016 -29.834838016 -29.834838016 
-29.834838016 -29.834838016 -29.834838016 95.33498504320002 -131.42787085119997 -1381.2425189952 -964.8014896032 -139.09853172479998 -29.834838016 -29.834838016 -29.834838016 -29.834838016 -29.834838016 

-3713.0051584 -3713.0051584 -3713.0051584 -3713.0051584 -3713.0051584 -3713.0051584 -3713.0051584 -3713.0051584 -3713.0051584 -3713.0051584 -3713.0051584 -3713.0051584 -3713.0051584 
-3713.0051584 -3713.0051584 -3713.0051584 -3713.0051584 -3713.0051584 -3713.0051584 -3713.0051584 -3713.0051584 -3713.0051584 -3713.0051584 -3713.0051584 -3713.0051584 -3713.0051584 
-3713.0051584 -1341.8040664959995 5612.089039923199 -13747.956348345602 -18308.938483353595 -13803.948774451203 -9420.6450316672 -9420.6450316672 -9512.1265913472 -11760.009396864 -9018.089534976001 -3713.0051584 -3713.0051584 
-3713.0051584 4944.021003392001 23885.378830240003 9035.834473312 3184.314004864001 -2809.3091952383984 -2465.4446075328015 -4912.729685804796 -1833.496369606402 -21360.801578265593 -24445.438698367998 -3713.0051584 -3713.0051584 
-3713.0051584 -2472.76107328 9348.770553824 10369.125016192002 18508.86573584 15091.811110944 15137.263450592 14715.083616288004 34106.4366031488 -18019.7111792192 -22851.927362047998 -3713.0051584 -3713.0051584 
-3713.0051584 -3713.0051584 -3713.0051584 -3713.0051584 -3477.4572294719997 -2321.9035013119997 -2019.3425518079996 17298.606427302402 18490.7483687104 -22768.295201888 -11034.407130368 -3713.0051584 -3713.0051584 
-3713.0051584 -3713.0051584 -3713.0051584 -3713.0051584 -3713.0051584 -3713.0051584 1183.7918904640005 29715.132947071997 -7324.402512147191 -17991.010543776 -5334.86714864 -3713.0051584 -3713.0051584 
-3713.0051584 -3713.0051584 -3713.0051584 -3713.0051584 -3713.0051584 -3467.9652663999996 15051.106635487999 16494.31598096 -22702.583681791995 -9761.677532415999 -3713.0051584 -3713.0051584 -3713.0051584 
-3713.0051584 -3713.0051584 -3713.0051584 -3713.0051584 -3703.20356272 6078.6044330368 24202.517677798398 -13811.970996928 -16739.390293951998 -4302.88402464 -3713.0051584 -3713.0051584 -3713.0051584 
-3713.0051584 -3713.0051584 -3713.0051584 -3713.0051584 -1792.1452663679997 25163.9810790144 2622.3690192000026 -18501.397839711994 -8926.861245119999 -3713.0051584 -3713.0051584 -3713.0051584 -3713.0051584 
-3713.0051584 -3713.0051584 -3713.0051584 -3513.70604624 14407.474541561602 21584.446666534397 -21454.945744236793 -12435.381443487999 -4068.9665431999997 -3713.0051584 -3713.0051584 -3713.0051584 -3713.0051584 
-3713.0051584 -3713.0051584 -3713.0051584 618.8793818560002 31962.32868972159 6639.129686899199 -31527.78441872 -7413.652850144 -3713.0051584 -3713.0051584 -3713.0051584 -3713.0051584 -3713.0051584 
-3713.0051584 -3713.0051584 -3713.0051584 1743.9401801600002 28535.885718048 8299.727849376 -11596.627936255998 -4948.88479296 -3713.0051584 -3713.0051584 -3713.0051584 -3713.0051584 -3713.0051584 

-5904.775880704 -5904.775880704 -5904.775880704 -5904.775880704 -5904.775880704 -5904.775880704 -5904.775880704 -5904.775880704 -5904.775880704 -5904.775880704 -5904.775880704 -5904.775880704 -5904.775880704 
-5904.775880704 -5904.775880704 -5904.775880704 -5904.775880704 -5904.775880704 -5904.775880704 -5904.775880704 -5904.775880704 -5904.775880704 -5904.775880704 -5904.775880704 -5904.775880704 -5904.775880704 
-5904.775880704 -7025.6982579328 -20375.1012921376 -37122.1980805024 -36168.011405248 -28492.1382305792 -24394.6894684672 -24394.6894684672 -24346.905273984 -20263.088606784 -10562.667106304001 -5904.775880704 -5904.775880704 
-5904.775880704 -4906.345569728 6993.7072616447995 8939.6828805248 -448.79835307199846 -15314.051055548796 -21404.71025808 -22827.3631717184 -25428.126907180802 -30270.46102592 -22050.073493504 -5904.775880704 -5904.775880704 
-5904.775880704 -518.5151333439999 10274.025398399997 22506.314703551998 28911.726177696 34968.717978976 35442.815717248 34462.479914444804 19791.672347862394 6042.5049230336 -2704.2985042560003 -5904.775880704 -5904.775880704 
-5904.775880704 -5904.775880704 -5904.775880704 -5904.775880704 -4485.83878272 -3564.42135056 -2044.4404550336003 -10360.384627644798 -551.6075659263997 -180.64168531200085 1326.624842016 -5904.775880704 -5904.775880704 
-5904.775880704 -5904.775880704 -5904.775880704 -5904.775880704 -5904.775880704 -5904.775880704 -7630.683687744 -5856.8861022464 2916.5511572000005 5572.4935319359965 -3963.490030976 -5904.775880704 -5904.775880704 
-5904.775880704 -5904.775880704 -5904.775880704 -5904.775880704 -5904.775880704 -6032.769258784 -12461.9347873728 -760.8349368575991 1627.4509947519982 1274.2180515519995 -5904.775880704 -5904.775880704 -5904.775880704 
-5904.775880704 -5904.775880704 -5904.775880704 -5904.775880704 -5909.8956158272 -12728.094548540797 -13269.747188947198 -1948.944664447998 3464.683228672001 -5018.298683904 -5904.775880704 -5904.775880704 -5904.775880704 
-5904.775880704 -5904.775880704 -5904.775880704 -5904.775880704 -7278.4747918016 -14207.665382899202 2895.672278006402 7062.011578751998 739.4213329280001 -5904.775880704 -5904.775880704 -5904.775880704 -5904.775880704 
-5904.775880704 -5904.775880704 -5904.775880704 -6008.8771615424 -14725.050842768 -7394.329295711998 -2954.9576896319995 3650.706303264001 -5369.832744704 -5904.775880704 -5904.775880704 -5904.775880704 -5904.775880704 
-5904.775880704 -5904.775880704 -5904.775880704 -7191.4799887104 -4280.156751296001 778.9689200288003 273.99434031999954 -4557.265063551999 -5904.775880704 -5904.775880704 -5904.775880704 -5904.775880704 -5904.775880704 
-5904.775880704 -5904.775880704 -5904.775880704 -2454.72559216 20033.559363615997 30423.20894672 9982.563824064 -4498.451937024 -5904.775880704 -5904.775880704 -5904.775880704 -5904.775880704 -5904.775880704 

-17264.48050176 -17264.48050176 -17264.48050176 -17264.48050176 -17264.48050176 -17264.48050176 -17264.48050176 -17264.48050176 -17264.48050176 -17264.48050176 -17264.48050176 -17264.48050176 -17264.48050176 
-17264.48050176 -17264.48050176 -17264.48050176 -17264.48050176 -17264.48050176 -17264.48050176 -17264.48050176 -17264.48050176 -17264.48050176 -17264.48050176 -17264.48050176 -17264.48050176 -17264.48050176 
-17264.48050176 -19773.161596992002 -29821.313965952002 -20593.500430816002 -15500.78257712 -16357.364643264002 -18980.86057728 -18980.86057728 -18707.352528256 -14830.836621312003 -13835.830993152002 -17264.48050176 -17264.48050176 
-17264.48050176 -20899.338446464 -22166.609755552 -289.5487169600019 -5850.781309952001 -10424.337119936003 -12742.622173727998 -11376.665754752003 -15428.368637248 -7349.754580704001 -2286.466519872003 -17264.48050176 -17264.48050176 
-17264.48050176 -17671.383249536 -6075.981743648001 1515.4159173760017 2585.6526260479986 8049.469556032 8621.055392735998 8898.235139967994 -6891.440789727994 23318.768158016013 2154.249483808002 -17264.48050176 -17264.48050176 
-17264.48050176 -17264.48050176 -17264.48050176 -17264.48050176 -16854.275811744003 -15278.886307824001 -14774.378609392 -27236.030948208 -16512.581594112 29960.514024192 -10559.399257536 -17264.48050176 -17264.48050176 
-17264.48050176 -17264.48050176 -17264.48050176 -17264.48050176 -17264.48050176 -17264.48050176 -20549.210155520002 -35863.580341904 22039.832958640014 8494.007910047996 -16580.566839040002 -17264.48050176 -17264.48050176 
-17264.48050176 -17264.48050176 -17264.48050176 -17264.48050176 -17264.48050176 -17997.09134736 -30840.854251088003 -13437.637817407998 27784.569736896003 -12790.612554496001 -17264.48050176 -17264.48050176 -17264.48050176 
-17264.48050176 -17264.48050176 -17264.48050176 -17264.48050176 -17293.784935584 -24545.489122208 -34931.818578096005 23989.787158432002 3894.326242976 -17089.35851264 -17264.48050176 -17264.48050176 -17264.48050176 
-17264.48050176 -17264.48050176 -17264.48050176 -17264.48050176 -20054.735842656002 -37201.312506928 5585.105636160002 23546.602637664007 -13591.909887104 -17264.48050176 -17264.48050176 -17264.48050176 -17264.48050176 
-17264.48050176 -17264.48050176 -17264.48050176 -17860.337322848 -30270.854226192 -23764.599388224 33390.301224015995 -4630.938869056001 -17158.803439360003 -17264.48050176 -17264.48050176 -17264.48050176 -17264.48050176 
-17264.48050176 -17264.48050176 -17264.48050176 -19580.239510432002 -36615.798886912 11216.442786928004 22075.78591808 -14982.869684160001 -17264.48050176 -17264.48050176 -17264.48050176 -17264.48050176 -17264.48050176 
-17264.48050176 -17264.48050176 -17264.48050176 -19899.647111088 -13553.135990752002 22857.074774752 1244.6748791039972 -16713.55816448 -17264.48050176 -17264.48050176 -17264.48050176 -17264.48050176 -17264.48050176 


