2803.68457728 2803.68457728 2803.68457728 2803.68457728 2803.68457728 2803.68457728 2803.68457728 2803.68457728 2803.68457728 2803.68457728 2803.68457728 2803.68457728 2803.68457728 
2803.68457728 2803.68457728 2803.68457728 2803.68457728 2803.68457728 2803.68457728 2803.68457728 2803.68457728 2803.68457728 2803.68457728 2803.68457728 2803.68457728 2803.68457728 
2803.68457728 3416.638521888 1761.5044525600001 546.0473788367999 1209.7318633616005 1586.5842720816004 1602.1336454592001 1602.1336454592001 1518.1440529472002 1275.3099152512002 2534.438393616 2803.68457728 2803.68457728 
2803.68457728 928.7802249440003 2622.670320168 6770.633038024 5548.483303663999 3855.8547345439993 3538.6668260943998 3209.0220432128 4207.335081772801 3391.1866279504 4088.2012433056007 2803.68457728 2803.68457728 
2803.68457728 3371.260530656 5751.762931503999 4989.326375856 5122.653537600001 6354.614151416001 6673.459788448001 8158.758982872001 3189.9289538000007 6742.896090787199 4516.8589582512 2803.68457728 2803.68457728 
2803.68457728 2803.68457728 2803.68457728 2803.68457728 3062.2957510960005 3263.029925912 3318.762038488 932.8315346479999 2418.3104537135996 9611.698507809599 1855.545165224 2803.68457728 2803.68457728 
2803.68457728 2803.68457728 2803.68457728 2803.68457728 2803.68457728 2803.68457728 2896.515355904 -130.97672194400002 9533.165328760002 4886.9321140352 2382.555903792 2803.68457728 2803.68457728 
2803.68457728 2803.68457728 2803.68457728 2803.68457728 2803.68457728 3028.65670008 973.2643942479999 3441.6577750240003 8932.503554056002 1619.7130091520003 2803.68457728 2803.68457728 2803.68457728 
2803.68457728 2803.68457728 2803.68457728 2803.68457728 2812.683462192 2629.86196056 -1274.3253635567994 9806.0120863216 4155.740360552 2589.1507705920003 2803.68457728 2803.68457728 2803.68457728 
2803.68457728 2803.68457728 2803.68457728 2803.68457728 3397.3414785920004 -1029.5942206160003 6709.8378045456 8675.353710399999 1608.65159492 2803.68457728 2803.68457728 2803.68457728 2803.68457728 
2803.68457728 2803.68457728 2803.68457728 2986.661903824 975.9488971120004 1774.3059775104 10023.2301358576 2173.8485883808003 2674.22452152 2803.68457728 2803.68457728 2803.68457728 2803.68457728 
2803.68457728 2803.68457728 2803.68457728 2647.011768544 702.0918810880003 7894.0183566544 6400.046268780799 2609.9973483040003 2803.68457728 2803.68457728 2803.68457728 2803.68457728 2803.68457728 
2803.68457728 2803.68457728 2803.68457728 1812.5135669680003 4708.728123272001 11045.364929712003 3483.4898759280004 2507.5953790080002 2803.68457728 2803.68457728 2803.68457728 2803.68457728 2803.68457728 

-7.458709504 -7.458709504 -7.458709504 -7.458709504 -7.458709504 -7.458709504 -7.458709504 -7.458709504 -7.458709504 -7.458709504 -7.458709504 -7.458709504 -7.458709504 
-7.458709504 -7.458709504 -7.458709504 -7.458709504 -7.458709504 -7.458709504 -7.458709504 -7.458709504 -7.458709504 -7.458709504 -7.458709504 -7.458709504 -7.458709504 
-7.458709504 -123.20325301119999 -443.8026614288 -485.740807432 -399.06354556959997 -353.63094959999995 -351.7052903536 -351.7052903536 -344.2424084208 -201.08714111519998 8.199980563200006 -7.458709504 -7.458709504 
-7.458709504 19.74135393120001 165.59217637599997 107.82381336719999 46.10064258239999 57.22423320000003 64.098567732 57.48818648240001 -105.43138397680002 -131.677959736 110.2255763616 -7.458709504 -7.458709504 
-7.458709504 -77.1764214416 -279.3642992976 -496.1457191367999 -475.34285688880004 -483.4966323064 -413.09893963679997 -566.8859710408 -769.2425185384002 -404.1681735024 21.07510540159999 -7.458709504 -7.458709504 
-7.458709504 -7.458709504 -7.458709504 -7.458709504 -38.213010146399995 -66.9489610008 -129.11989437920002 -458.5807763464 -388.03576187679994 -175.4552253608 -140.4173283224 -7.458709504 -7.458709504 
-7.458709504 -7.458709504 -7.458709504 -7.458709504 -7.458709504 -7.458709504 -141.88984815760003 -284.0425443472 -291.6347858744 -159.1948789832 -48.4489843736 -7.458709504 -7.458709504 
-7.458709504 -7.458709504 -7.458709504 -7.458709504 -7.458709504 -27.448571824 -381.56943060239996 -345.5659366184 -200.4771603824 -141.01978821280002 -7.458709504 -7.458709504 -7.458709504 
-7.458709504 -7.458709504 -7.458709504 -7.458709504 -8.2583039968 -323.9994289328 -363.2919883888 -207.93812915600003 -125.32081326959998 -32.0587105808 -7.458709504 -7.458709504 -7.458709504 
-7.458709504 -7.458709504 -7.458709504 -7.458709504 -109.5754855816 -373.02921000239996 -240.2666362352 -172.84577247279998 -138.3799290672 -7.458709504 -7.458709504 -7.458709504 -7.458709504 
-7.458709504 -7.458709504 -7.458709504 -23.717130857599997 -359.8064527392 -415.089655896 -367.57005719439996 -182.957281844 -22.30353774 -7.458709504 -7.458709504 -7.458709504 -7.458709504 
-7.458709504 -7.458709504 -7.458709504 -105.81133687599998 -325.6860277904 -387.9147620695999 -131.74427126799998 -31.50752606640001 -7.458709504 -7.458709504 -7.458709504 -7.458709504 -7.458709504 
-7.458709504 -7.458709504 -7.458709504 23.833746260800005 -32.85696771279999 -345.3106297488 -241.2003724008 -34.774632931199996 -7.458709504 -7.458709504 -7.458709504 -7.458709504 -7.458709504 

-928.2512896 -928.2512896 -928.2512896 -928.2512896 -928.2512896 -928.2512896 -928.2512896 -928.2512896 -928.2512896 -928.2512896 -928.2512896 -928.2512896 -928.2512896 
-928.2512896 -928.2512896 -928.2512896 -928.2512896 -928.2512896 -928.2512896 -928.2512896 -928.2512896 -928.2512896 -928.2512896 -928.2512896 -928.2512896 -928.2512896 
-928.2512896 -335.45101662399986 1403.0222599807998 -3436.9890870864006 -4577.234620838399 -3450.9871936128006 -2355.1612579168 -2355.1612579168 -2378.0316478368 -2940.002349216 -2254.5223837440003 -928.2512896 -928.2512896 
-928.2512896 1236.0052508480003 5971.344707560001 2258.958618328 796.0785012160003 -702.3272988095996 -616.3611518832004 -1228.182421451199 -458.3740924016005 -5340.200394566398 -6111.3596745919995 -928.2512896 -928.2512896 
-928.2512896 -618.19026832 2337.192638456 2592.2812540480004 4627.21643396 3772.952777736 3784.315862648 3678.770904072001 8526.6091507872 -4504.9277948048 -5712.9818405119995 -928.2512896 -928.2512896 
-928.2512896 -928.2512896 -928.2512896 -928.2512896 -869.3643073679999 -580.4758753279999 -504.8356379519999 4324.6516068256005 4622.6870921776 -5692.073800472 -2758.601782592 -928.2512896 -928.2512896 
-928.2512896 -928.2512896 -928.2512896 -928.2512896 -928.2512896 -928.2512896 295.94797261600013 7428.783236767999 -1831.1006280367978 -4497.752635944 -1333.71678716 -928.2512896 -928.2512896 
-928.2512896 -928.2512896 -928.2512896 -928.2512896 -928.2512896 -866.9913165999999 3762.7766588719996 4123.57899524 -5675.645920447999 -2440.4193831039997 -928.2512896 -928.2512896 -928.2512896 
-928.2512896 -928.2512896 -928.2512896 -928.2512896 -925.80089068 1519.6511082592 6050.6294194495995 -3452.992749232 -4184.847573487999 -1075.72100616 -928.2512896 -928.2512896 -928.2512896 
-928.2512896 -928.2512896 -928.2512896 -928.2512896 -448.03631659199993 6290.9952697536 655.5922548000007 -4625.349459927998 -2231.7153112799997 -928.2512896 -928.2512896 -928.2512896 -928.2512896 
-928.2512896 -928.2512896 -928.2512896 -878.42651156 3601.8686353904004 5396.111666633599 -5363.736436059198 -3108.8453608719997 -1017.2416357999999 -928.2512896 -928.2512896 -928.2512896 -928.2512896 
-928.2512896 -928.2512896 -928.2512896 154.71984546400006 7990.582172430398 1659.7824217247999 -7881.94610468 -1853.413212536 -928.2512896 -928.2512896 -928.2512896 -928.2512896 -928.2512896 
-928.2512896 -928.2512896 -928.2512896 435.98504504000005 7133.971429512 2074.931962344 -2899.1569840639995 -1237.22119824 -928.2512896 -928.2512896 -928.2512896 -928.2512896 -928.2512896 

-1476.193970176 -1476.193970176 -1476.193970176 -1476.193970176 -1476.193970176 -1476.193970176 -1476.193970176 -1476.193970176 -1476.193970176 -1476.193970176 -1476.193970176 -1476.193970176 -1476.193970176 
-1476.193970176 -1476.193970176 -1476.193970176 -1476.193970176 -1476.193970176 -1476.193970176 -1476.193970176 -1476.193970176 -1476.193970176 -1476.193970176 -1476.193970176 -1476.193970176 -1476.193970176 
-1476.193970176 -1756.4245644832 -5093.7753230344 -9280.5495201256 -9042.002851312 -7123.0345576448 -6098.6723671168 -6098.6723671168 -6086.726318496 -5065.772151696 -2640.6667765760003 -1476.193970176 -1476.193970176 
-1476.193970176 -1226.586392432 1748.4268154111999 2234.9207201312 -112.19958826799962 -3828.512763887199 -5351.17756452 -5706.8407929296 -6357.0317267952005 -7567.61525648 -5512.518373376 -1476.193970176 -1476.193970176 
-1476.193970176 -129.62878333599997 2568.5063495999993 5626.578675887999 7227.931544424 8742.179494744 8860.703929312 8615.619978611201 4947.918086965598 1510.6262307584 -676.0746260640001 -1476.193970176 -1476.193970176 
-1476.193970176 -1476.193970176 -1476.193970176 -1476.193970176 -1121.45969568 -891.10533764 -511.1101137584001 -2590.0961569111996 -137.90189148159993 -45.16042132800021 331.656210504 -1476.193970176 -1476.193970176 
-1476.193970176 -1476.193970176 -1476.193970176 -1476.193970176 -1476.193970176 -1476.193970176 -1907.670921936 -1464.2215255616 729.1377893000001 1393.1233829839991 -990.872507744 -1476.193970176 -1476.193970176 
-1476.193970176 -1476.193970176 -1476.193970176 -1476.193970176 -1476.193970176 -1508.192314696 -3115.4836968432 -190.20873421439978 406.86274868799956 318.55451288799986 -1476.193970176 -1476.193970176 -1476.193970176 
-1476.193970176 -1476.193970176 -1476.193970176 -1476.193970176 -1477.4739039568 -3182.0236371351994 -3317.4367972367995 -487.2361661119995 866.1708071680002 -1254.574670976 -1476.193970176 -1476.193970176 -1476.193970176 
-1476.193970176 -1476.193970176 -1476.193970176 -1476.193970176 -1819.6186979504 -3551.9163457248005 723.9180695016005 1765.5028946879995 184.85533323200002 -1476.193970176 -1476.193970176 -1476.193970176 -1476.193970176 
-1476.193970176 -1476.193970176 -1476.193970176 -1502.2192903856 -3681.262710692 -1848.5823239279996 -738.7394224079999 912.6765758160002 -1342.458186176 -1476.193970176 -1476.193970176 -1476.193970176 -1476.193970176 
-1476.193970176 -1476.193970176 -1476.193970176 -1797.8699971776 -1070.0391878240002 194.74223000720008 68.49858507999988 -1139.3162658879999 -1476.193970176 -1476.193970176 -1476.193970176 -1476.193970176 -1476.193970176 
-1476.193970176 -1476.193970176 -1476.193970176 -613.68139804 5008.389840903999 7605.80223668 2495.640956016 -1124.612984256 -1476.193970176 -1476.193970176 -1476.193970176 -1476.193970176 -1476.193970176 

-4316.12012544 -4316.12012544 -4316.12012544 -4316.12012544 -4316.12012544 -4316.12012544 -4316.12012544 -4316.12012544 -4316.12012544 -4316.12012544 -4316.12012544 -4316.12012544 -4316.12012544 
-4316.12012544 -4316.12012544 -4316.12012544 -4316.12012544 -4316.12012544 -4316.12012544 -4316.12012544 -4316.12012544 -4316.12012544 -4316.12012544 -4316.12012544 -4316.12012544 -4316.12012544 
-4316.12012544 -4943.2903992480005 -7455.3284914880005 -5148.375107704001 -3875.19564428 -4089.3411608160004 -4745.21514432 -4745.21514432 -4676.838132064 -3707.7091553280006 -3458.9577482880004 -4316.12012544 -4316.12012544 
-4316.12012544 -5224.834611616 -5541.652438888 -72.38717924000048 -1462.6953274880002 -2606.0842799840007 -3185.6555434319994 -2844.1664386880007 -3857.092159312 -1837.4386451760001 -571.6166299680008 -4316.12012544 -4316.12012544 
-4316.12012544 -4417.845812384 -1518.9954359120002 378.85397934400044 646.4131565119997 2012.367389008 2155.2638481839995 2224.5587849919984 -1722.8601974319986 5829.692039504003 538.5623709520005 -4316.12012544 -4316.12012544 
-4316.12012544 -4316.12012544 -4316.12012544 -4316.12012544 -4213.568952936001 -3819.7215769560003 -3693.594652348 -6809.007737052 -4128.145398528 7490.128506048 -2639.849814384 -4316.12012544 -4316.12012544 
-4316.12012544 -4316.12012544 -4316.12012544 -4316.12012544 -4316.12012544 -4316.12012544 -5137.302538880001 -8965.895085476 5509.9582396600035 2123.501977511999 -4145.141709760001 -4316.12012544 -4316.12012544 
-4316.12012544 -4316.12012544 -4316.12012544 -4316.12012544 -4316.12012544 -4499.27283684 -7710.213562772001 -3359.4094543519996 6946.142434224001 -3197.6531386240003 -4316.12012544 -4316.12012544 -4316.12012544 
-4316.12012544 -4316.12012544 -4316.12012544 -4316.12012544 -4323.446233896 -6136.372280552 -8732.954644524001 5997.4467896080005 973.581560744 -4272.33962816 -4316.12012544 -4316.12012544 -4316.12012544 
-4316.12012544 -4316.12012544 -4316.12012544 -4316.12012544 -5013.683960664001 -9300.328126732 1396.2764090400005 5886.650659416002 -3397.977471776 -4316.12012544 -4316.12012544 -4316.12012544 -4316.12012544 
-4316.12012544 -4316.12012544 -4316.12012544 -4465.084330712 -7567.713556548 -5941.149847056 8347.575306003999 -1157.7347172640002 -4289.700859840001 -4316.12012544 -4316.12012544 -4316.12012544 -4316.12012544 
-4316.12012544 -4316.12012544 -4316.12012544 -4895.0598776080005 -9153.949721728 2804.110696732001 5518.94647952 -3745.7174210400003 -4316.12012544 -4316.12012544 -4316.12012544 -4316.12012544 -4316.12012544 
-4316.12012544 -4316.12012544 -4316.12012544 -4974.911777772 -3388.2839976880005 5714.268693688 311.1687197759993 -4178.38954112 -4316.12012544 -4316.12012544 -4316.12012544 -4316.12012544 -4316.12012544 


